====== Test #1 =======
--- Input: size 81 ---
12 4
4
1 6
2 4
7 9
10 12
3
1 4
7 11
3 6
3
2 5
4 11
8 9
5
3 10
10 7
7 2
12 3
5 12

--- Output: size 2 ---
3

--- Correct: size 2 ---
3

--- Stderr: size 0 ---

--- Checker output: size 3 ---
OK

====== Test #2 =======
--- Input: size 21441 ---
100 77
62
54 43
25 99
31 63
87 50
91 89
18 22
24 73
26 19
34 44
33 50
35 10
37 95
64 14
26 61
85 20
8 59
74 40
42 92
87 44
43 25
12 45
79 97
56 8
38 48
15 18
82 42
98 38
94 35
95 9
23 55
3 82
84 73
13 31
66 100
86 46
73 58
99 59
18 48
26 82
67 70
14 78
94 42
74 32
91 92
65 70
59 63
22 2
10 53
75 41
88 39
17 30
55 21
96 42
23 60
57 4
37 67
48 15
46 92
78 45
12 87
36 81
87 8
56
43 7
31 18
57 69
32 70
88 78
78 34
65 55
1 7
41 75
24 84
59 73
66 41
2 39
4 15
45 38
4 73
90 70
19 74
89 23
58 22
89 97
49 32
94 49
48 98
39 83
94 42
41 26
6 24
88 59
55 29
44 56
34 63
100 27
40 96
72 32
25 18
14 34
39 44
54 12
53 29
85 22
63 87
13 18
92 36
62 1
6 20
67 65
79 40
85 50
98 77
42 47
16 84
46 71
22 33
78 73
27 9
42
23 35
94 9
17 30
66 49
54 43
95 92
99 24
8 98
88 85
56 25
64 20
59 24
29 70
1 85
33 80
97 46
35 3
36 55
62 16
39 69
94 30
70 86
34 33
61 40
55 90
99 58
84 50
32 9
3 65
53 47
90 92
96 53
4 22
93 81
100 3
5 47
81 72
23 27
24 54
90 36
74 49
86 71
44
21 95
51 44
14 43
51 18
48 56
32 49
48 54
59 50
80 13
91 60
30 42
77 48
25 50
24 48
93 17
2 80
88 87
25 12
91 94
38 7
73 12
66 17
1 12
34 80
79 61
16 31
47 100
40 91
16 13
17 53
58 8
46 3
41 42
62 57
77 39
100 65
68 79
58 83
73 48
33 48
1 62
31 7
65 5
72 32
41
81 23
70 30
99 85
72 86
91 32
34 11
89 10
72 66
21 5
75 5
35 52
48 13
70 10
66 86
96 81
14 16
9 96
51 43
21 9
1 22
19 47
63 38
70 89
52 9
100 94
87 38
47 70
15 80
38 80
31 98
38 73
47 92
37 40
97 3
57 7
83 6
60 55
58 34
15 62
39 98
64 69
51
64 25
44 15
58 12
5 97
7 25
12 48
18 2
89 26
29 53
92 36
41 82
78 34
9 41
86 52
12 14
26 49
14 80
54 56
1 2
63 73
27 75
18 84
37 46
61 21
64 20
50 51
67 32
100 23
27 5
28 78
94 65
4 1
32 46
49 97
20 25
63 64
29 32
6 51
15 8
9 72
48 57
90 95
35 100
72 89
95 32
10 52
6 11
18 54
41 95
36 90
32 86
45
64 56
23 100
18 25
44 78
55 9
39 11
20 7
43 16
14 25
77 76
10 79
92 47
57 76
73 16
48 34
41 29
5 65
97 90
68 90
52 67
6 57
68 66
50 44
77 11
13 45
76 38
9 94
33 13
86 55
29 27
17 47
8 25
92 46
7 44
88 73
69 15
54 48
5 30
6 39
9 10
21 90
52 89
64 11
29 49
50 8
58
46 91
8 83
43 64
79 65
26 53
94 52
61 29
73 48
9 17
33 73
67 96
50 83
45 8
86 17
81 90
19 23
10 30
21 89
66 68
32 47
83 80
16 48
95 70
5 21
93 65
80 7
56 34
40 66
94 29
81 10
63 2
23 71
24 63
66 42
61 91
72 68
77 83
74 3
32 96
18 64
65 55
2 78
94 92
31 77
89 90
27 19
33 62
94 5
37 3
97 89
42 92
49 19
53 92
3 19
87 11
16 8
7 69
81 61
47
99 31
95 37
21 96
78 39
77 14
26 41
87 13
74 94
26 52
5 89
2 73
28 99
7 51
65 21
17 89
64 99
82 32
97 17
54 15
99 80
25 43
62 64
48 11
81 32
76 22
13 83
95 90
24 20
17 86
73 84
61 79
96 71
78 25
61 68
33 54
17 36
76 88
41 71
36 100
3 60
68 35
46 71
2 16
39 16
22 31
99 8
30 42
46
93 40
45 54
74 52
24 1
32 72
91 65
72 40
1 6
25 6
38 33
87 98
59 73
17 92
55 94
85 51
1 98
17 26
5 35
21 60
95 81
9 3
90 26
71 70
51 22
26 74
60 53
45 20
78 16
31 51
49 94
88 11
26 30
44 77
3 91
87 69
96 94
55 30
19 55
81 27
84 6
85 63
99 64
83 20
6 43
44 64
57 88
62
97 52
48 39
100 92
88 80
3 23
64 33
87 54
42 26
88 8
31 15
16 28
2 83
64 57
41 72
83 78
17 89
83 28
71 9
4 2
100 75
31 14
5 55
80 57
43 31
80 24
53 81
34 1
2 11
63 56
8 1
1 98
92 17
54 48
3 68
86 65
83 59
38 39
67 3
78 13
41 3
41 94
97 17
17 36
16 22
46 52
96 26
14 73
24 69
29 60
83 1
47 67
63 16
33 80
99 48
88 98
66 19
66 96
13 6
52 67
11 8
6 63
23 40
37
63 28
76 44
73 48
11 31
30 47
88 85
11 76
26 91
40 95
1 11
89 90
8 87
81 82
18 16
50 69
37 66
53 40
71 36
13 8
16 80
79 67
57 11
67 17
3 21
34 69
30 40
2 11
97 42
49 19
92 29
82 17
97 79
20 54
70 55
97 9
8 38
12 78
37
5 3
39 63
84 57
3 40
22 2
52 9
74 97
10 41
47 32
60 65
49 42
18 6
14 45
90 75
64 87
36 90
98 99
70 90
93 94
51 84
34 44
7 22
66 10
25 56
1 16
50 76
95 52
52 93
61 93
64 57
11 85
83 18
55 52
94 81
18 31
82 95
70 82
55
18 24
63 45
53 90
20 31
5 9
24 14
60 86
19 93
88 58
47 79
4 63
41 94
96 30
21 29
15 59
62 45
69 13
85 25
80 25
31 59
31 51
45 78
29 66
85 63
23 93
52 60
46 94
5 97
18 33
29 60
69 22
86 100
90 82
35 71
86 29
62 58
8 63
39 76
94 81
13 43
45 13
41 42
76 48
44 39
7 76
10 95
72 61
81 74
93 71
88 34
58 83
79 53
3 40
69 59
36 23
43
73 59
14 28
2 45
50 69
43 78
4 45
46 10
33 80
97 40
72 75
87 44
55 60
49 82
49 86
17 26
94 95
35 10
2 39
92 97
37 96
9 55
49 37
13 8
64 77
66 52
26 5
22 54
8 45
45 77
84 31
97 46
81 52
44 38
17 60
98 1
55 74
11 99
40 23
53 37
36 46
36 61
89 93
7 2
37
74 30
90 46
61 100
61 37
24 50
69 62
36 29
2 16
49 21
9 42
66 19
86 53
95 79
97 74
7 73
4 84
20 98
46 47
60 9
81 97
22 15
81 27
37 95
87 77
77 57
60 100
58 98
38 88
17 60
27 67
100 17
48 54
65 60
58 54
4 25
19 74
90 47
58
93 94
14 31
40 94
67 89
53 92
51 34
100 60
10 49
61 75
46 30
44 78
74 52
41 97
21 17
36 97
71 91
71 40
36 79
6 16
73 45
73 84
76 6
45 78
90 65
88 28
72 74
17 49
31 98
75 27
59 54
82 42
98 44
15 54
33 28
78 77
52 19
68 81
78 38
63 50
22 38
50 1
62 54
84 25
68 79
23 53
4 78
94 55
49 65
84 33
37 81
61 89
21 42
44 63
50 8
20 28
32 66
36 46
75 49
61
6 28
92 55
100 29
55 19
8 24
88 16
64 87
58 69
80 98
10 27
65 93
59 43
6 25
65 32
53 95
96 60
85 34
21 70
42 55
93 60
19 30
27 97
18 88
13 38
81 9
25 45
4 20
89 32
22 12
65 92
17 19
15 18
15 64
55 79
41 21
13 99
39 2
85 11
33 69
62 59
28 54
2 28
37 89
32 37
96 9
46 72
14 69
39 62
13 20
56 13
5 65
56 18
60 46
94 89
52 93
21 36
9 72
56 12
45 38
19 67
7 54
46
51 4
13 99
63 85
78 7
82 61
7 98
43 54
85 77
43 73
51 13
40 93
44 16
21 96
36 60
80 73
100 68
54 83
7 69
83 62
92 91
5 94
48 44
65 79
48 28
26 19
63 22
28 80
67 17
80 6
30 100
15 51
3 95
33 77
31 44
74 66
51 44
26 10
16 1
25 62
6 85
95 42
2 34
44 85
49 91
81 42
30 81
58
35 60
74 60
29 37
88 50
93 86
77 39
94 9
85 31
69 51
54 98
89 27
16 54
54 1
93 10
95 75
97 35
10 100
72 81
13 85
93 55
19 75
86 89
97 68
34 24
33 76
77 98
96 86
56 51
75 30
23 65
78 80
99 12
84 25
24 48
30 10
51 25
83 48
96 42
96 94
61 82
3 17
80 34
9 61
79 65
53 37
40 60
100 5
3 95
29 93
31 44
26 97
99 48
69 50
76 50
89 49
76 2
20 80
61 66
59
55 94
82 9
15 88
25 11
72 10
58 57
68 86
23 29
30 95
91 49
69 33
42 90
12 57
20 87
94 53
83 25
5 97
42 27
5 10
4 83
26 97
28 51
64 11
18 28
45 33
55 10
2 39
64 28
14 62
9 49
43 59
46 23
8 4
53 91
61 72
42 41
49 41
25 20
11 28
94 100
27 10
32 49
83 51
30 93
44 31
49 36
82 75
76 25
14 59
92 86
11 73
45 88
26 32
12 2
73 15
12 84
100 60
92 100
97 46
54
73 1
27 90
27 70
41 95
90 97
85 1
18 43
16 83
44 22
24 83
1 15
65 72
45 18
84 64
82 55
51 39
55 96
56 77
50 7
66 23
70 52
93 68
8 45
94 75
82 42
66 81
37 61
4 8
46 9
58 59
12 88
96 35
34 28
30 42
86 36
25 50
51 43
60 71
18 11
76 31
13 28
3 35
22 77
89 37
42 97
59 2
80 84
86 41
25 8
94 70
70 30
92 32
76 63
63 98
33
69 38
19 27
27 92
87 63
13 62
52 9
15 28
55 96
96 9
5 49
24 22
17 26
6 31
63 62
3 27
36 91
13 50
81 97
24 1
60 67
19 93
55 52
58 1
45 62
54 44
93 94
9 61
88 63
4 39
94 66
78 85
38 84
31 8
57
38 24
62 88
76 69
59 57
35 36
88 83
6 51
91 89
20 83
47 86
39 4
52 60
97 75
10 23
24 73
59 51
3 55
65 81
6 24
31 62
58 51
61 30
17 55
74 35
47 67
11 59
3 19
64 87
70 26
87 98
61 60
51 34
56 69
47 94
16 45
31 84
60 92
48 56
59 99
22 13
91 52
37 74
76 58
85 57
55 23
90 9
58 4
24 15
36 27
44 28
27 46
80 43
31 76
91 49
10 47
29 74
38 62
39
10 74
84 31
41 17
68 29
68 3
84 63
85 24
17 97
38 54
60 70
53 74
15 58
38 78
43 20
59 98
99 16
93 89
98 64
86 35
21 53
43 69
8 48
69 83
21 40
61 5
51 34
64 77
93 10
82 74
30 61
66 92
11 18
76 28
47 97
57 45
22 43
58 73
81 95
94 79
53
26 93
75 17
23 37
11 14
72 94
11 28
30 26
28 58
54 4
5 55
49 61
72 42
44 39
21 89
46 67
15 34
16 45
33 76
25 77
23 81
83 25
3 79
24 84
31 25
37 100
80 1
75 41
7 16
34 51
98 28
63 33
87 15
51 80
16 58
10 55
47 94
1 64
14 73
7 22
65 36
89 35
8 62
68 30
62 11
83 6
21 30
25 45
5 47
40 41
68 10
23 10
41 29
11 8
62
31 62
62 7
49 37
4 15
30 60
10 27
10 32
77 2
85 51
43 44
52 89
68 72
42 52
20 58
21 89
67 27
95 52
41 74
33 7
38 24
89 86
84 38
38 54
79 96
62 85
11 15
45 43
27 32
84 34
12 20
20 28
85 34
42 96
36 67
81 70
39 11
94 5
74 95
52 41
92 26
47 40
61 92
97 42
91 30
96 19
96 37
48 77
82 74
89 26
67 82
29 75
31 50
43 51
67 74
1 63
89 42
76 57
7 54
24 59
4 14
56 14
77 25
37
86 60
52 72
49 55
55 53
50 15
48 33
74 90
21 72
48 78
39 64
35 40
44 2
78 63
52 100
89 68
8 18
13 43
47 66
5 46
44 31
28 44
64 80
84 51
29 26
58 28
76 69
96 47
95 100
90 52
74 100
78 25
1 20
7 1
25 83
35 37
9 67
38 34
39
25 31
82 68
67 90
75 9
33 78
31 16
95 41
18 25
16 45
36 86
56 69
32 70
15 38
67 32
6 88
80 1
61 27
36 81
3 53
56 51
66 42
33 12
39 73
46 72
5 55
5 67
33 80
14 33
93 26
40 47
57 6
35 95
86 26
86 40
15 7
99 78
77 87
79 68
96 47
40
93 42
19 49
39 44
8 34
40 94
64 28
34 69
32 96
16 14
41 35
91 86
96 72
4 50
16 43
8 73
45 28
46 86
60 65
15 24
69 76
90 41
62 11
93 30
51 99
36 100
29 93
87 20
63 58
27 71
84 24
10 19
19 61
74 60
10 71
86 79
66 42
33 1
38 33
72 3
2 16
60
78 58
64 83
11 7
29 36
50 98
98 7
89 74
87 43
5 86
15 99
16 63
57 24
45 12
85 57
88 4
54 57
95 46
73 20
50 83
66 89
30 61
46 19
77 56
57 33
63 7
82 55
92 46
32 93
26 81
47 23
39 38
11 44
25 12
20 69
34 25
98 85
64 99
86 10
71 32
25 73
1 63
17 47
77 31
9 100
58 22
96 82
72 97
42 36
94 66
62 4
76 7
62 87
10 89
68 41
9 82
89 30
42 10
83 18
10 75
20 2
42
32 47
7 16
53 89
24 83
66 95
42 66
74 23
80 58
3 42
75 40
79 46
7 45
53 42
23 95
28 76
11 63
65 81
94 65
40 52
99 50
71 10
2 15
54 8
34 20
24 98
28 84
21 75
100 93
84 80
53 55
63 8
61 42
9 5
100 40
29 3
33 83
47 90
74 53
41 9
100 19
84 64
23 3
35
86 94
36 82
39 31
83 38
17 95
91 68
22 2
86 17
46 21
13 24
39 43
3 60
17 19
13 1
28 44
11 64
15 2
11 39
89 41
78 54
62 50
11 15
30 93
40 35
67 82
50 34
32 92
52 19
21 97
90 93
32 55
19 89
49 10
86 19
6 12
49
86 89
33 7
8 13
97 75
79 70
8 43
51 34
35 53
31 1
58 8
53 68
5 75
41 79
41 97
31 50
90 86
33 84
8 62
96 79
99 13
88 80
32 68
23 74
32 61
80 62
71 41
69 15
80 77
6 54
94 72
84 45
100 26
44 84
91 17
78 2
51 87
35 94
56 38
35 36
41 72
97 96
56 18
17 79
94 86
39 77
88 8
6 59
10 96
97 68
53
44 15
88 33
69 48
10 5
32 46
83 88
7 58
97 21
29 9
53 68
49 86
45 85
42 41
83 15
74 93
66 100
1 16
35 79
7 24
1 25
87 48
98 50
71 55
31 59
11 39
2 62
54 99
46 37
63 11
40 74
11 57
67 10
77 4
89 96
12 69
6 73
78 83
42 97
10 81
7 85
57 76
46 27
59 77
23 55
80 16
26 42
92 61
19 29
89 52
69 6
65 36
26 60
74 37
33
77 34
43 73
75 70
48 62
35 95
9 19
16 76
58 57
38 62
84 63
19 81
57 87
66 23
54 38
26 74
70 9
54 31
68 17
10 3
75 74
59 54
67 37
95 90
100 32
75 86
38 56
11 87
84 38
98 12
39 76
74 86
11 33
52 55
51
76 59
92 27
41 97
10 82
48 99
26 21
58 24
99 11
84 85
95 40
39 45
56 11
19 52
81 5
12 99
99 50
49 100
11 83
1 34
25 45
38 24
77 22
16 54
15 50
44 15
82 71
21 49
30 49
37 74
27 49
24 56
54 62
32 81
79 3
3 5
57 4
95 41
96 32
31 8
21 37
37 75
56 39
2 22
62 85
62 63
65 29
18 28
20 16
61 97
65 36
83 1
40
33 8
8 77
64 44
39 13
96 35
97 86
64 38
28 77
18 14
21 65
33 51
13 15
46 95
71 41
12 73
92 55
74 72
9 92
16 1
66 82
51 99
21 55
57 44
96 72
10 46
53 75
13 28
78 77
9 60
47 94
81 97
74 52
50 20
31 51
54 99
66 21
5 65
32 94
13 7
19 60
51
91 89
67 100
7 13
17 66
85 88
68 93
92 3
30 37
21 71
78 1
16 73
45 34
66 19
83 6
61 17
85 56
90 79
94 5
56 4
59 24
2 80
25 77
44 39
87 20
66 70
87 76
79 40
25 73
97 86
15 98
52 53
17 95
92 86
1 6
44 31
65 94
98 54
40 75
52 40
47 90
10 89
3 19
27 81
20 83
25 14
63 11
60 30
45 58
40 47
59 13
96 53
39
30 79
36 66
66 71
49 42
44 56
95 81
34 50
53 19
53 72
60 47
63 58
64 18
2 24
32 79
11 48
81 65
29 23
53 67
43 25
38 7
60 65
72 52
8 62
17 53
91 94
73 54
70 66
13 1
23 27
30 91
5 94
68 95
64 16
68 17
77 73
9 92
11 58
50 15
93 5
40
5 65
73 64
72 92
30 60
31 24
66 55
93 91
90 100
24 85
98 6
81 49
5 70
14 80
11 76
29 3
11 56
81 32
14 39
39 98
27 47
95 74
34 16
38 59
91 32
37 75
35 5
16 83
16 15
39 63
86 97
11 4
46 71
17 68
55 5
17 49
80 31
65 68
12 78
64 18
62 34
63
83 34
20 54
87 20
35 52
33 62
80 45
47 65
56 11
34 8
69 8
2 76
34 13
66 82
44 34
88 31
15 99
62 4
60 82
89 55
67 86
63 80
70 75
85 80
52 89
24 63
47 30
46 74
31 50
63 88
28 88
25 34
97 47
64 62
41 55
10 46
53 47
21 90
69 7
14 69
73 34
78 13
88 11
48 25
71 27
96 67
30 60
64 15
75 60
44 38
26 94
61 74
54 50
79 19
59 76
86 60
47 71
10 74
21 26
98 39
15 13
67 74
33 12
53 37
43
63 13
49 70
76 57
3 94
82 30
52 21
55 79
20 51
53 30
2 48
49 72
61 52
71 53
15 64
71 72
58 38
33 14
49 67
92 72
92 21
6 78
41 90
20 11
4 11
90 35
62 39
96 68
37 90
21 17
100 32
47 89
66 68
15 57
55 61
82 65
26 89
28 13
50 45
64 8
44 78
43 85
23 52
88 18
41
39 28
86 10
26 71
100 21
80 34
83 11
72 36
80 98
94 93
83 77
92 21
70 61
55 91
80 50
21 32
87 45
84 20
1 28
66 97
95 66
13 11
39 45
72 70
16 22
47 10
76 56
2 98
76 13
9 97
71 92
100 37
97 32
90 21
29 94
68 95
43 58
28 8
24 78
11 73
13 28
40 95
56
97 86
85 7
85 87
4 31
12 54
82 100
51 56
66 53
73 77
17 66
80 98
32 93
44 39
70 75
68 27
3 23
23 91
16 88
61 32
66 74
100 53
16 13
74 36
55 60
80 99
48 6
81 89
68 81
15 39
15 69
39 85
69 12
100 21
4 69
12 87
3 32
26 74
10 89
86 91
20 59
47 46
71 55
33 56
24 54
35 94
49 94
96 91
5 66
1 80
90 55
40 91
79 42
13 69
26 81
31 69
82 79
49
61 52
8 85
53 61
23 65
19 40
97 91
46 49
86 89
20 88
37 68
53 49
56 88
63 98
42 21
55 95
25 77
29 19
97 23
25 7
27 35
86 55
4 54
68 23
87 18
7 85
51 87
97 9
13 59
79 93
10 70
41 91
25 6
65 42
8 25
36 17
67 75
90 32
7 64
43 31
59 48
58 87
39 59
69 77
62 25
56 22
16 48
26 91
85 59
90 27
39
44 80
34 45
90 19
6 18
11 64
27 82
98 54
42 27
40 75
86 47
10 81
100 53
7 24
79 92
54 16
17 10
63 7
36 67
58 83
65 81
73 1
38 24
62 84
11 33
66 94
36 97
94 23
82 35
90 36
76 14
1 22
13 11
33 48
52 30
45 38
10 67
56 28
75 79
37 30
47
56 45
52 66
45 87
35 30
4 33
11 22
50 4
50 88
68 46
65 60
1 24
96 30
96 79
60 74
99 15
43 16
83 76
50 64
38 45
55 75
95 94
69 34
33 34
25 50
84 18
58 56
69 39
90 41
36 95
64 62
44 24
88 12
16 4
38 1
61 3
23 60
58 88
90 97
21 5
45 7
85 78
63 59
89 30
64 57
6 16
48 99
29 66
44
74 68
88 12
6 73
50 14
19 93
29 55
67 52
59 6
100 42
1 7
11 62
93 36
73 13
88 14
86 17
25 63
24 78
57 15
97 35
43 14
45 84
69 8
10 90
87 54
57 88
63 14
3 60
15 13
24 44
82 75
32 60
94 5
14 11
45 43
8 16
41 94
1 69
2 43
50 83
36 27
33 24
95 52
88 25
40 81
51
59 48
21 89
43 88
3 93
33 50
57 28
31 24
48 85
72 36
34 57
12 77
50 76
100 65
37 19
99 54
86 27
90 30
48 8
65 47
64 54
77 78
15 56
77 4
79 61
35 95
69 48
84 88
11 54
50 14
86 65
10 23
28 13
82 74
4 98
46 19
100 21
49 70
88 78
77 14
74 97
69 64
80 14
39 45
60 27
48 98
16 11
82 19
80 83
64 48
81 65
81 46
58
78 38
48 99
30 9
91 67
56 11
9 17
91 52
68 21
17 40
81 68
94 27
66 86
21 49
77 2
25 88
3 42
89 21
96 67
49 46
71 21
55 97
1 11
7 31
28 48
20 73
58 45
43 48
77 8
64 84
85 7
85 2
73 24
85 54
19 37
36 68
18 80
55 60
56 18
21 5
46 40
56 85
62 98
3 70
36 96
52 42
32 90
5 82
27 90
95 40
12 84
17 65
69 15
65 72
45 78
73 18
1 14
51 38
29 70
42
6 48
5 49
86 26
28 80
73 20
10 89
66 81
9 19
53 75
61 26
84 78
14 57
22 13
3 90
94 19
16 25
34 50
58 87
91 26
52 96
40 91
23 32
96 70
3 96
20 6
59 62
49 46
15 51
2 20
53 37
26 82
66 65
57 1
11 50
27 9
92 96
71 46
2 16
6 15
17 52
98 34
81 9
50
73 56
20 24
28 78
54 48
31 13
95 26
76 18
3 74
8 73
67 91
72 75
72 55
12 2
58 73
72 71
71 42
15 14
57 16
68 47
32 71
37 89
99 62
61 68
47 42
12 14
87 2
62 31
32 41
19 90
4 62
84 20
78 85
36 81
10 90
90 82
66 36
73 54
77 56
8 62
78 83
6 2
8 59
41 30
65 71
8 64
47 35
56 62
62 73
24 98
42 49
60
48 1
99 56
83 7
39 63
33 99
58 22
63 88
26 95
14 64
25 63
50 56
61 21
81 41
69 51
20 15
33 69
3 27
81 93
85 83
40 42
34 14
55 32
84 34
61 75
23 32
29 71
21 52
44 14
86 92
42 60
91 93
74 37
34 73
46 32
100 68
22 73
70 30
32 53
91 68
86 93
40 100
59 69
68 96
18 8
30 49
33 34
70 67
5 96
30 46
10 68
90 94
56 63
8 38
11 78
42 65
59 20
77 54
75 3
17 19
64 39
34
93 94
87 33
7 84
21 65
65 23
47 95
90 9
94 26
2 20
83 6
64 11
33 83
29 19
3 32
85 98
89 79
47 82
52 30
40 67
63 80
43 48
24 13
49 68
96 49
73 20
74 40
14 57
21 49
97 72
74 17
1 25
83 20
18 83
87 59
48
23 32
94 79
55 36
61 55
80 20
40 97
78 18
30 81
47 27
57 56
95 100
37 94
15 78
34 58
14 31
76 44
70 21
9 79
88 38
57 16
14 69
67 60
66 71
76 84
71 68
63 88
13 22
37 72
96 5
7 22
20 83
82 23
2 13
61 9
38 59
73 83
76 15
9 17
21 65
77 11
33 11
49 23
55 79
76 83
76 64
36 95
71 32
53 67
55
66 53
24 62
8 98
33 54
19 91
87 51
20 43
22 25
2 15
32 72
88 98
76 87
94 72
94 95
38 56
21 55
67 71
72 52
54 15
72 53
26 92
69 31
20 84
29 40
49 68
70 82
85 15
8 28
36 19
27 86
40 75
23 96
22 20
11 62
49 92
40 49
100 66
10 3
69 12
60 46
27 9
69 44
65 74
8 85
25 84
6 2
36 66
66 19
16 56
61 40
52 21
64 62
74 26
45 43
53 100
54
56 78
29 70
99 13
90 66
28 98
30 36
10 96
60 53
53 65
14 69
73 84
24 22
89 47
96 97
20 59
47 90
46 93
83 11
80 54
82 19
50 24
27 46
7 24
97 67
38 14
19 10
51 76
48 1
63 77
92 52
59 78
19 49
30 70
38 50
9 70
27 9
28 85
89 19
58 16
53 55
56 38
32 72
84 50
80 31
76 4
19 71
87 28
89 72
52 47
74 29
42 90
48 31
51 84
35 32
54
32 23
28 20
5 29
23 66
10 75
64 62
85 76
2 57
19 68
8 69
100 5
95 10
27 60
78 28
69 44
29 42
54 16
25 85
63 88
81 79
89 95
39 11
58 77
86 92
61 35
54 48
78 15
39 8
4 99
49 52
97 53
38 28
30 37
61 32
67 30
9 36
73 80
74 21
39 4
9 89
97 52
30 94
73 69
20 50
94 100
49 10
23 46
34 48
49 82
64 39
31 54
28 51
97 10
10 30
37
4 76
70 17
90 9
95 91
6 28
5 3
18 44
1 64
90 100
80 84
93 41
17 89
9 71
9 52
77 98
64 69
34 78
72 71
92 60
9 21
64 56
1 34
54 78
12 88
8 59
92 75
36 35
64 59
1 88
54 15
68 49
61 60
57 45
57 25
41 40
27 74
21 92
62
33 45
66 41
25 1
34 87
1 99
99 34
11 28
47 82
59 20
19 91
58 88
56 43
20 78
91 10
82 40
100 10
4 8
73 2
71 41
83 39
94 81
86 40
22 6
19 53
42 89
39 51
43 51
40 42
36 55
46 60
25 11
21 55
98 64
2 84
40 94
81 55
70 97
19 30
34 2
27 71
77 6
60 29
67 55
96 37
9 97
73 59
33 38
16 22
67 60
22 51
82 21
86 37
100 23
97 72
99 87
40 81
39 63
34 7
28 63
18 62
50 99
31 4
33
16 77
58 8
16 13
42 92
16 54
36 93
4 33
85 69
49 29
28 1
72 94
46 65
11 44
20 11
74 21
36 29
9 49
86 41
88 78
25 85
16 84
22 11
69 88
30 94
81 30
39 2
48 15
89 52
85 20
36 55
99 39
78 43
13 63
44
84 1
19 46
99 78
22 20
69 48
39 12
39 44
56 39
22 78
89 47
51 28
4 77
40 47
1 85
74 86
78 85
72 71
45 14
29 65
75 89
55 23
41 46
9 68
92 3
78 58
36 19
11 16
38 78
3 5
86 49
19 70
97 95
79 65
7 22
62 38
92 60
4 34
97 5
81 65
65 17
24 33
96 29
99 43
43 56
36
92 32
85 54
6 33
19 94
55 93
94 49
94 46
81 21
82 92
90 40
100 55
46 9
66 19
21 82
37 90
29 41
11 77
22 16
97 10
55 72
39 28
17 82
24 38
57 1
81 82
18 34
93 26
54 34
45 69
96 47
84 73
69 1
46 74
9 60
13 48
45 11
38
69 33
40 37
27 52
93 86
95 5
71 21
78 51
90 72
99 69
23 36
78 43
6 1
44 69
58 51
35 81
32 68
37 100
10 30
62 4
26 71
47 67
23 79
74 71
68 55
84 48
37 72
60 70
6 2
50 98
38 84
24 83
67 61
72 66
30 70
62 13
50 54
7 38
22 15
36
51 63
23 89
52 41
84 50
98 1
35 53
40 41
42 68
36 27
4 24
98 56
60 92
74 26
54 12
61 79
12 8
26 23
71 100
69 39
28 22
32 49
3 47
31 38
51 14
27 10
29 53
60 41
35 96
40 29
18 15
53 23
47 36
96 17
57 73
56 88
27 86
32
10 37
100 23
16 57
89 74
94 35
65 53
2 56
15 44
10 3
50 58
73 87
13 7
35 55
96 40
55 3
95 65
63 59
99 78
91 26
14 16
28 64
99 33
32 65
12 24
18 62
50 51
82 29
29 9
42 60
14 69
12 87
16 6
60
98 77
12 73
44 18
99 57
25 2
83 16
7 12
12 38
71 60
94 35
89 17
26 89
54 1
82 68
19 68
75 70
18 48
7 69
52 23
24 15
52 75
48 50
38 78
43 39
65 95
30 46
30 23
75 41
100 53
48 12
68 32
38 44
19 55
84 63
46 52
33 6
58 16
89 52
55 90
66 9
34 4
83 80
71 95
28 98
70 90
95 53
13 6
18 63
48 99
14 45
10 95
27 93
75 49
36 96
97 75
98 13
80 2
59 25
9 53
96 52
47
26 68
90 17
8 54
50 4
55 79
22 62
46 97
67 70
42 61
72 75
1 15
30 96
79 21
97 5
75 26
24 73
25 2
76 34
29 65
95 89
30 82
85 15
6 45
57 56
67 94
46 53
93 53
38 83
93 66
20 85
33 77
66 86
91 47
78 45
69 2
34 39
95 79
32 19
23 21
65 9
87 4
50 62
22 25
60 9
1 78
56 13
39 88
43
50 33
25 77
67 29
91 29
78 62
1 24
97 49
38 13
91 42
28 33
1 43
85 56
53 3
55 26
14 69
98 83
96 9
49 47
71 93
51 85
49 9
34 20
41 74
14 6
44 1
44 77
26 60
72 68
38 69
91 9
71 55
28 99
87 73
78 13
23 27
27 42
51 24
47 55
21 89
89 29
94 95
7 12
99 25
57
7 63
23 81
83 51
14 98
31 87
9 92
80 28
15 1
8 73
92 66
54 2
12 22
71 91
74 9
51 88
26 94
15 34
13 31
74 96
40 79
78 6
16 13
60 36
68 46
65 96
82 55
92 67
87 51
80 38
84 98
33 83
87 38
16 33
45 11
50 4
99 56
46 94
35 71
51 12
55 75
78 69
3 21
10 70
70 86
14 38
3 49
75 82
52 32
34 18
18 7
68 94
94 92
61 79
87 33
6 76
98 48
3 91
63
9 71
27 47
96 71
86 81
37 29
68 81
13 28
1 6
21 36
77 28
43 39
31 4
39 44
86 40
2 28
18 73
74 52
19 66
46 92
55 95
14 80
79 26
25 85
15 57
26 29
55 74
72 23
65 42
65 3
19 91
32 74
25 44
80 48
27 37
78 28
32 36
67 100
64 80
42 37
77 87
49 32
57 31
62 58
22 76
76 69
20 15
90 27
14 15
99 83
98 12
95 47
42 27
25 54
63 54
28 69
60 71
44 73
32 72
25 8
9 36
70 17
11 13
63 33
45
1 6
54 80
21 32
78 98
72 49
15 51
14 24
66 40
19 96
99 31
79 82
24 99
87 56
10 92
2 34
94 97
12 73
64 50
98 1
14 78
85 33
7 51
23 52
39 12
39 31
19 93
92 95
27 67
85 73
34 16
42 3
14 54
52 71
2 73
50 78
73 87
89 42
41 53
48 39
98 84
33 63
57 48
99 7
22 58
71 27
36
65 37
39 78
65 3
63 78
27 10
88 80
84 54
39 76
44 31
32 49
28 13
22 99
2 57
6 76
42 35
38 78
65 60
72 23
83 13
91 5
17 32
42 32
64 69
73 58
84 1
74 79
4 87
16 1
69 4
74 81
13 12
66 71
4 13
57 78
90 89
51 24
41
48 54
71 53
84 25
33 20
67 70
23 35
26 66
39 15
38 62
90 53
46 41
21 37
66 97
32 46
8 63
43 34
72 70
39 76
88 2
33 50
100 9
67 94
8 15
24 28
78 73
59 44
80 83
43 63
42 36
45 56
20 2
82 21
16 18
77 28
17 89
70 27
99 38
72 68
90 97
68 74
12 8
42
93 41
53 36
14 1
47 46
8 18
74 82
28 99
27 96
14 62
59 43
68 71
54 24
90 19
71 49
47 9
89 92
72 36
23 29
83 44
22 58
4 58
9 29
79 96
76 22
40 74
99 84
39 20
59 11
5 74
46 10
55 89
64 84
48 50
56 54
90 86
58 50
2 34
4 73
35 71
9 66
66 61
61 29
38
7 15
48 76
65 75
65 67
54 58
13 57
48 43
1 8
11 33
41 67
9 79
14 51
1 15
95 52
90 79
43 88
28 48
72 96
83 6
90 97
29 96
50 16
7 14
85 2
100 17
22 58
13 44
22 8
89 9
66 42
40 70
25 13
30 46
66 100
79 100
75 90
36 74
56 44

--- Output: size 3 ---
-1

--- Correct: size 3 ---
-1

--- Stderr: size 0 ---

--- Checker output: size 3 ---
OK

====== Test #3 =======
--- Input: size 115 ---
15 4
5
4 9
3 9
6 2
2 10
11 12
7
1 4
4 7
7 10
6 13
8 13
8 14
13 14
8
1 5
2 13
2 3
5 10
5 11
5 12
11 12
6 13
1
14 15

--- Output: size 2 ---
4

--- Correct: size 2 ---
4

--- Stderr: size 0 ---

--- Checker output: size 3 ---
OK

====== Test #4 =======
--- Input: size 1224 ---
144 116
1
1 2
3
1 3
3 2
2 4
1
4 7
3
4 5
5 6
6 7
3
7 9
9 8
8 10
1
7 8
3
10 11
11 12
12 13
1
10 12
1
13 14
3
13 15
15 14
14 16
1
16 19
3
16 17
17 18
18 19
3
19 21
21 20
20 22
1
19 20
3
22 23
23 24
24 25
1
22 24
2
25 35
45 90
2
35 106
71 99
2
106 73
120 63
2
73 125
63 83
2
125 92
83 67
2
92 114
67 121
2
114 42
121 54
2
42 57
54 94
2
57 142
94 79
2
142 48
79 102
2
48 32
102 96
2
32 134
120 134
2
134 115
96 110
2
115 61
100 135
2
61 29
135 28
2
29 113
28 51
2
113 37
51 119
2
37 60
119 52
2
60 101
100 129
2
101 109
52 126
1
109 66
1
66 56
1
56 55
1
55 90
1
90 78
1
78 41
1
41 36
1
36 68
1
68 107
1
107 138
1
138 98
1
98 38
1
38 46
1
46 143
1
143 74
1
74 77
1
77 85
1
85 127
1
127 95
1
95 108
1
108 91
1
91 122
1
122 31
1
31 110
1
110 84
1
84 47
1
47 26
1
26 53
1
53 139
1
139 116
1
116 58
1
58 69
1
69 89
1
89 111
1
111 133
1
133 103
1
103 40
1
40 123
1
123 30
1
30 81
1
81 144
1
105 39
1
39 75
1
75 104
1
104 118
1
118 50
1
50 140
1
140 59
1
59 80
1
80 136
1
136 86
1
86 129
1
129 44
1
44 88
1
88 93
1
93 117
1
117 99
1
99 64
1
64 124
1
124 126
1
126 49
1
49 62
1
62 141
1
141 72
1
72 43
1
43 131
1
131 97
1
97 82
1
82 132
1
132 70
1
105 133
1
70 101
1
45 137
1
137 65
1
65 27
1
27 128
1
128 130
1
130 87
1
87 112
1
112 71

--- Output: size 3 ---
47

--- Correct: size 3 ---
47

--- Stderr: size 0 ---

--- Checker output: size 3 ---
OK

====== Test #5 =======
--- Input: size 1777 ---
156 156
1
1 2
3
1 3
3 2
2 4
1
4 7
3
4 5
5 6
6 7
3
7 9
9 8
8 10
1
7 8
3
10 11
11 12
12 13
1
10 12
1
13 14
3
13 15
15 14
14 16
1
16 19
3
16 17
17 18
18 19
3
19 21
21 20
20 22
1
19 20
3
22 23
23 24
24 25
1
22 24
2
25 79
28 113
2
79 84
113 108
2
84 123
108 141
2
123 122
141 96
2
122 102
113 156
2
102 118
69 102
2
118 119
93 91
2
119 149
91 49
2
149 44
49 59
2
44 54
93 37
2
54 45
37 38
2
45 68
38 59
2
68 97
93 41
2
97 42
41 91
2
42 55
91 103
2
55 73
103 49
2
73 152
49 121
2
152 127
121 59
2
127 81
93 128
2
81 101
128 107
2
101 99
107 59
2
99 98
93 41
2
98 66
41 65
2
66 46
65 95
2
46 92
95 107
2
92 120
107 137
2
120 76
137 91
2
76 139
91 88
2
139 75
88 49
2
75 64
49 151
2
64 85
151 59
2
85 147
93 91
2
147 148
91 41
2
148 78
41 88
2
78 30
88 74
2
30 143
74 121
2
143 155
121 151
2
155 134
151 128
2
134 154
128 65
2
154 125
65 59
2
125 29
93 137
2
29 142
137 103
2
142 131
103 121
2
131 132
121 37
2
132 35
37 41
2
35 144
41 88
2
144 36
88 59
2
36 133
128 156
2
133 72
74 85
1
72 60
1
60 124
1
124 34
1
34 109
1
109 136
1
136 33
1
33 82
1
82 32
1
32 90
1
90 150
1
150 51
1
51 26
1
26 129
1
129 94
1
94 47
1
47 50
1
50 27
1
27 156
1
56 108
1
108 58
1
58 87
1
87 110
1
110 40
1
40 70
1
70 104
1
104 145
1
145 71
1
71 126
1
126 31
1
31 28
1
28 96
1
56 67
1
67 87
1
87 145
1
145 135
1
135 100
1
100 116
1
116 105
1
105 113
1
113 57
1
57 58
1
58 53
1
53 106
1
106 80
1
80 52
1
52 115
1
115 138
1
138 114
1
114 63
1
63 146
1
146 83
1
83 43
1
43 153
1
153 112
1
112 86
1
86 96
1
56 117
1
117 58
1
58 48
1
48 69
1
69 110
1
110 86
1
86 62
1
62 141
1
141 116
1
116 80
1
80 63
1
63 70
1
70 138
1
138 40
1
40 96
1
56 130
1
130 58
1
58 111
1
111 104
1
104 28
1
28 96
1
56 105
1
105 80
1
80 77
1
77 39
1
39 31
1
31 71
1
71 89
1
89 110
1
110 140
1
140 69
1
69 58
1
58 52
1
52 130
1
130 28

--- Output: size 3 ---
18

--- Correct: size 3 ---
18

--- Stderr: size 0 ---

--- Checker output: size 3 ---
OK

====== Test #6 =======
--- Input: file is too large, original size 555617 ---
--- Output: size 3 ---
11

--- Correct: size 3 ---
11

--- Stderr: size 0 ---

--- Checker output: size 3 ---
OK

====== Test #7 =======
--- Input: file is too large, original size 241307 ---
--- Output: size 3 ---
12

--- Correct: size 3 ---
12

--- Stderr: size 0 ---

--- Checker output: size 3 ---
OK

====== Test #8 =======
--- Input: file is too large, original size 1948708 ---
--- Output: size 3 ---
14

--- Correct: size 3 ---
14

--- Stderr: size 0 ---

--- Checker output: size 3 ---
OK

====== Test #9 =======
--- Input: file is too large, original size 1718672 ---
--- Output: size 3 ---
19

--- Correct: size 3 ---
19

--- Stderr: size 0 ---

--- Checker output: size 3 ---
OK

====== Test #10 =======
--- Input: file is too large, original size 1996517 ---
--- Output: size 3 ---
-1

--- Correct: size 3 ---
-1

--- Stderr: size 0 ---

--- Checker output: size 3 ---
OK

====== Test #11 =======
--- Input: file is too large, original size 1567025 ---
--- Output: size 3 ---
11

--- Correct: size 3 ---
11

--- Stderr: size 0 ---

--- Checker output: size 3 ---
OK

====== Test #12 =======
--- Input: file is too large, original size 1913916 ---
--- Output: size 3 ---
10

--- Correct: size 3 ---
10

--- Stderr: size 0 ---

--- Checker output: size 3 ---
OK

====== Test #13 =======
--- Input: file is too large, original size 2677623 ---
--- Output: size 3 ---
15

--- Correct: size 3 ---
15

--- Stderr: size 0 ---

--- Checker output: size 3 ---
OK

====== Test #14 =======
--- Input: file is too large, original size 2452784 ---
--- Output: size 3 ---
14

--- Correct: size 3 ---
14

--- Stderr: size 0 ---

--- Checker output: size 3 ---
OK

====== Test #15 =======
--- Input: file is too large, original size 2430422 ---
--- Output: size 3 ---
11

--- Correct: size 3 ---
11

--- Stderr: size 0 ---

--- Checker output: size 3 ---
OK

====== Test #16 =======
--- Input: file is too large, original size 2256613 ---
--- Output: size 3 ---
16

--- Correct: size 3 ---
16

--- Stderr: size 0 ---

--- Checker output: size 3 ---
OK

====== Test #17 =======
--- Input: size 42776 ---
125 1996
1
1 2
3
1 3
3 2
2 4
1
4 7
3
4 5
5 6
6 7
3
7 9
9 8
8 10
1
7 8
3
10 11
11 12
12 13
1
10 12
1
13 14
3
13 15
15 14
14 16
1
16 19
3
16 17
17 18
18 19
3
19 21
21 20
20 22
1
19 20
3
22 23
23 24
24 25
1
22 24
3
55 48
74 62
66 75
3
107 56
47 28
77 33
3
34 117
36 80
72 99
3
80 88
58 57
99 65
3
88 38
65 25
57 104
3
92 42
63 73
32 43
3
104 109
25 116
86 79
3
44 59
34 117
69 60
3
110 53
27 26
82 93
3
122 36
97 72
112 31
3
93 70
53 103
26 45
3
84 110
115 29
40 27
3
26 45
113 77
85 47
3
52 82
68 61
121 108
3
118 98
59 55
39 66
3
59 55
117 101
60 74
3
102 40
41 84
64 52
3
77 33
47 28
45 112
3
44 59
49 39
69 60
3
115 29
40 27
100 124
3
45 112
70 122
103 97
3
27 26
110 53
29 113
3
117 101
80 88
60 74
3
97 72
122 36
43 34
3
60 74
80 88
117 101
3
42 69
43 34
73 44
3
25 116
104 109
86 79
3
66 75
76 37
98 94
3
49 39
44 59
69 60
3
47 28
77 33
107 56
3
108 89
81 46
114 111
3
27 26
110 53
29 113
3
68 61
52 82
121 108
3
118 98
83 87
71 76
3
58 57
71 76
83 87
3
34 117
69 60
36 80
3
86 79
94 105
37 106
3
107 56
47 28
78 35
3
59 55
39 66
60 74
3
112 31
97 72
33 96
3
91 118
49 39
119 71
3
61 90
82 93
108 89
3
119 71
96 83
91 118
3
37 106
94 105
75 95
3
86 79
37 106
104 109
3
81 46
124 85
123 50
3
83 87
71 76
58 57
3
89 92
111 63
46 78
3
40 27
115 29
84 110
3
37 106
104 109
86 79
3
55 48
74 62
66 75
3
63 73
92 42
78 35
3
50 107
85 47
46 78
3
50 107
111 63
46 78
3
72 99
36 80
34 117
3
50 107
85 47
46 78
3
58 57
83 87
71 76
3
79 30
116 100
109 51
3
56 91
35 49
28 119
3
94 105
75 95
37 106
3
71 76
58 57
83 87
3
80 88
117 101
99 65
3
118 98
39 66
59 55
3
27 26
110 53
82 93
3
124 85
29 113
27 26
3
39 66
59 55
60 74
3
61 90
114 111
108 89
3
55 48
74 62
66 75
3
121 108
52 82
68 61
3
44 59
69 60
34 117
3
102 40
116 100
54 115
3
72 99
36 80
34 117
3
109 51
79 30
116 100
3
56 91
28 119
33 96
3
66 75
98 94
76 37
3
87 86
98 94
76 37
3
52 82
121 108
68 61
3
104 109
86 79
37 106
3
33 96
112 31
28 119
3
94 105
37 106
75 95
3
124 85
29 113
27 26
3
68 61
121 108
67 114
3
120 102
62 41
48 64
3
114 111
61 90
108 89
3
120 102
38 54
62 41
3
60 74
59 55
117 101
3
29 113
27 26
110 53
3
84 110
52 82
68 61
3
96 83
119 71
31 58
3
109 51
116 100
79 30
3
123 50
124 85
81 46
3
45 112
70 122
103 97
3
114 111
108 89
61 90
3
91 118
44 59
49 39
3
66 75
74 62
55 48
3
35 49
56 91
73 44
3
56 91
28 119
33 96
3
43 34
73 44
42 69
3
65 25
88 38
101 120
3
32 43
92 42
70 122
3
118 98
71 76
39 66
3
112 31
122 36
97 72
3
111 63
89 92
90 32
3
124 85
29 113
123 50
3
25 116
38 54
120 102
3
105 121
95 68
106 67
3
74 62
101 120
88 38
3
121 108
67 114
68 61
3
49 39
91 118
119 71
3
99 65
58 57
80 88
3
123 50
81 46
114 111
3
118 98
83 87
71 76
3
92 42
32 43
63 73
3
95 68
64 52
41 84
3
108 89
114 111
61 90
3
116 100
54 115
102 40
3
90 32
93 70
89 92
3
124 85
123 50
81 46
3
59 55
39 66
60 74
3
51 123
30 81
100 124
3
45 112
77 33
47 28
3
75 95
48 64
94 105
3
118 98
71 76
83 87
3
48 64
62 41
75 95
3
112 31
122 36
97 72
3
110 53
27 26
29 113
3
40 27
115 29
84 110
3
119 71
96 83
31 58
3
93 70
90 32
53 103
3
50 107
46 78
85 47
3
50 107
46 78
111 63
3
42 69
43 34
73 44
3
112 31
122 36
97 72
3
109 51
116 100
54 115
3
53 103
26 45
113 77
3
101 120
88 38
74 62
3
104 109
25 116
38 54
3
68 61
52 82
121 108
3
78 35
107 56
63 73
3
45 112
77 33
47 28
3
92 42
32 43
63 73
3
39 66
60 74
59 55
3
77 33
47 28
107 56
3
79 30
106 67
105 121
3
93 70
53 103
26 45
3
113 77
85 47
26 45
3
69 60
44 59
34 117
3
83 87
71 76
58 57
3
111 63
89 92
90 32
3
35 49
56 91
73 44
3
78 35
92 42
63 73
3
109 51
79 30
106 67
3
45 112
77 33
47 28
3
79 30
109 51
116 100
3
45 112
70 122
103 97
3
107 56
78 35
63 73
3
97 72
112 31
33 96
3
40 27
84 110
52 82
3
39 66
60 74
59 55
3
81 46
123 50
114 111
3
121 108
68 61
67 114
3
27 26
124 85
29 113
3
74 62
88 38
101 120
3
38 54
62 41
120 102
3
117 101
60 74
59 55
3
42 69
73 44
43 34
3
68 61
121 108
52 82
3
109 51
106 67
79 30
3
38 54
25 116
120 102
3
45 112
77 33
47 28
3
95 68
105 121
106 67
3
25 116
38 54
104 109
3
110 53
27 26
82 93
3
30 81
51 123
100 124
3
27 26
82 93
110 53
3
115 29
40 27
100 124
3
27 26
110 53
29 113
3
73 44
42 69
35 49
3
112 31
97 72
33 96
3
45 112
77 33
103 97
3
87 86
76 37
57 104
3
79 30
109 51
106 67
3
118 98
39 66
71 76
3
85 47
113 77
50 107
3
108 89
114 111
61 90
3
62 41
48 64
75 95
3
46 78
111 63
89 92
3
118 98
59 55
39 66
3
77 33
47 28
107 56
3
88 38
65 25
57 104
3
58 57
71 76
83 87
3
108 89
61 90
82 93
3
62 41
120 102
38 54
3
118 98
71 76
83 87
3
99 65
83 87
58 57
3
121 108
68 61
67 114
3
45 112
103 97
77 33
3
93 70
53 103
90 32
3
59 55
39 66
118 98
3
42 69
122 36
43 34
3
36 80
31 58
72 99
3
97 72
122 36
112 31
3
81 46
114 111
123 50
3
25 116
38 54
120 102
3
121 108
30 81
67 114
3
117 101
99 65
80 88
3
34 117
36 80
69 60
3
118 98
39 66
71 76
3
85 47
50 107
113 77
3
113 77
53 103
26 45
3
62 41
48 64
120 102
3
94 105
37 106
75 95
3
86 79
104 109
25 116
3
64 52
102 40
41 84
3
108 89
61 90
114 111
3
91 118
119 71
96 83
3
101 120
88 38
65 25
3
85 47
46 78
50 107
3
100 124
40 27
115 29
3
36 80
34 117
72 99
3
73 44
35 49
56 91
3
65 25
57 104
88 38
3
32 43
70 122
103 97
3
116 100
54 115
109 51
3
54 115
102 40
41 84
3
107 56
47 28
77 33
3
26 45
85 47
113 77
3
45 112
77 33
103 97
3
105 121
95 68
106 67
3
34 117
36 80
69 60
3
107 56
77 33
47 28
3
65 25
57 104
87 86
3
119 71
96 83
31 58
3
33 96
56 91
28 119
3
41 84
64 52
95 68
3
51 123
100 124
115 29
3
52 82
84 110
68 61
3
54 115
102 40
41 84
3
55 48
66 75
98 94
3
32 43
70 122
103 97
3
82 93
27 26
110 53
3
84 110
40 27
115 29
3
110 53
27 26
82 93
3
108 89
82 93
61 90
3
99 65
117 101
80 88
3
103 97
45 112
77 33
3
79 30
109 51
116 100
3
83 87
118 98
71 76
3
101 120
88 38
65 25
3
30 81
51 123
100 124
3
68 61
67 114
121 108
3
108 89
61 90
82 93
3
70 122
92 42
32 43
3
94 105
75 95
37 106
3
61 90
114 111
108 89
3
97 72
33 96
112 31
3
116 100
54 115
102 40
3
77 33
45 112
103 97
3
33 96
97 72
112 31
3
108 89
81 46
114 111
3
70 122
103 97
32 43
3
53 103
90 32
93 70
3
38 54
62 41
120 102
3
86 79
104 109
37 106
3
85 47
50 107
46 78
3
25 116
104 109
86 79
3
45 112
70 122
103 97
3
71 76
118 98
39 66
3
115 29
51 123
100 124
3
78 35
63 73
92 42
3
61 90
114 111
108 89
3
44 59
69 60
34 117
3
71 76
118 98
83 87
3
26 45
113 77
85 47
3
55 48
66 75
74 62
3
61 90
108 89
82 93
3
30 81
67 114
121 108
3
53 103
113 77
26 45
3
35 49
56 91
73 44
3
50 107
85 47
113 77
3
40 27
115 29
84 110
3
54 115
109 51
116 100
3
121 108
30 81
67 114
3
97 72
112 31
33 96
3
66 75
74 62
55 48
3
46 78
85 47
50 107
3
25 116
86 79
104 109
3
94 105
37 106
75 95
3
39 66
71 76
118 98
3
74 62
55 48
101 120
3
119 71
91 118
49 39
3
62 41
120 102
38 54
3
68 61
84 110
52 82
3
28 119
35 49
56 91
3
90 32
93 70
53 103
3
59 55
60 74
117 101
3
29 113
124 85
123 50
3
109 51
116 100
79 30
3
58 57
83 87
99 65
3
43 34
42 69
122 36
3
96 83
91 118
119 71
3
61 90
108 89
82 93
3
85 47
26 45
113 77
3
75 95
48 64
62 41
3
123 50
124 85
81 46
3
60 74
59 55
117 101
3
37 106
94 105
86 79
3
121 108
52 82
68 61
3
123 50
29 113
124 85
3
48 64
62 41
120 102
3
76 37
98 94
66 75
3
50 107
85 47
46 78
3
65 25
57 104
87 86
3
90 32
53 103
93 70
3
32 43
70 122
103 97
3
73 44
42 69
35 49
3
71 76
118 98
83 87
3
78 35
63 73
107 56
3
104 109
25 116
38 54
3
43 34
122 36
97 72
3
123 50
81 46
124 85
3
109 51
116 100
54 115
3
38 54
25 116
104 109
3
41 84
54 115
102 40
3
96 83
72 99
31 58
3
104 109
86 79
25 116
3
30 81
51 123
100 124
3
88 38
101 120
74 62
3
30 81
121 108
67 114
3
78 35
63 73
92 42
3
104 109
86 79
25 116
3
98 94
55 48
66 75
3
115 29
40 27
100 124
3
83 87
71 76
58 57
3
119 71
49 39
91 118
3
88 38
65 25
101 120
3
28 119
56 91
33 96
3
95 68
64 52
105 121
3
51 123
100 124
115 29
3
56 91
33 96
28 119
3
105 121
106 67
95 68
3
106 67
105 121
79 30
3
26 45
113 77
85 47
3
30 81
51 123
67 114
3
113 77
85 47
50 107
3
85 47
50 107
113 77
3
103 97
45 112
77 33
3
32 43
92 42
63 73
3
82 93
61 90
110 53
3
36 80
34 117
69 60
3
68 61
121 108
67 114
3
101 120
88 38
74 62
3
111 63
46 78
89 92
3
92 42
32 43
63 73
3
102 40
54 115
116 100
3
87 86
98 94
76 37
3
48 64
94 105
75 95
3
96 83
31 58
119 71
3
124 85
29 113
123 50
3
83 87
58 57
71 76
3
44 59
91 118
49 39
3
72 99
36 80
31 58
3
70 122
32 43
92 42
3
40 27
115 29
100 124
3
94 105
48 64
75 95
3
53 103
26 45
93 70
3
50 107
113 77
85 47
3
96 83
119 71
31 58
3
41 84
64 52
102 40
3
109 51
79 30
106 67
3
89 92
90 32
111 63
3
77 33
45 112
47 28
3
61 90
108 89
114 111
3
52 82
40 27
84 110
3
34 117
69 60
44 59
3
52 82
68 61
121 108
3
39 66
118 98
71 76
3
58 57
99 65
83 87
3
48 64
62 41
75 95
3
117 101
60 74
59 55
3
76 37
87 86
57 104
3
87 86
65 25
57 104
3
38 54
104 109
25 116
3
71 76
118 98
39 66
3
32 43
92 42
70 122
3
94 105
37 106
86 79
3
117 101
60 74
59 55
3
71 76
83 87
58 57
3
63 73
92 42
32 43
3
107 56
63 73
78 35
3
111 63
46 78
89 92
3
69 60
34 117
36 80
3
34 117
69 60
36 80
3
98 94
66 75
76 37
3
68 61
84 110
52 82
3
120 102
38 54
25 116
3
53 103
90 32
93 70
3
92 42
63 73
78 35
3
60 74
117 101
80 88
3
108 89
61 90
82 93
3
92 42
32 43
70 122
3
51 123
100 124
30 81
3
80 88
58 57
99 65
3
46 78
50 107
111 63
3
88 38
65 25
57 104
3
93 70
26 45
53 103
3
50 107
85 47
113 77
3
57 104
87 86
76 37
3
80 88
58 57
99 65
3
94 105
75 95
48 64
3
54 115
109 51
116 100
3
98 94
66 75
55 48
3
80 88
117 101
60 74
3
84 110
52 82
40 27
3
105 121
95 68
64 52
3
54 115
102 40
41 84
3
58 57
71 76
83 87
3
61 90
110 53
82 93
3
101 120
88 38
65 25
3
77 33
47 28
45 112
3
56 91
35 49
73 44
3
64 52
41 84
102 40
3
32 43
70 122
103 97
3
37 106
94 105
86 79
3
91 118
119 71
96 83
3
88 38
65 25
101 120
3
54 115
102 40
116 100
3
86 79
25 116
104 109
3
105 121
64 52
95 68
3
38 54
25 116
104 109
3
120 102
38 54
62 41
3
74 62
55 48
101 120
3
54 115
102 40
41 84
3
33 96
112 31
97 72
3
119 71
96 83
91 118
3
84 110
52 82
40 27
3
69 60
49 39
44 59
3
41 84
102 40
64 52
3
57 104
65 25
87 86
3
109 51
116 100
54 115
3
29 113
27 26
110 53
3
106 67
95 68
105 121
3
79 30
106 67
105 121
3
97 72
112 31
33 96
3
80 88
99 65
117 101
3
50 107
113 77
85 47
3
69 60
44 59
34 117
3
90 32
53 103
93 70
3
52 82
84 110
40 27
3
29 113
124 85
27 26
3
86 79
37 106
104 109
3
85 47
26 45
113 77
3
33 96
28 119
112 31
3
43 34
97 72
122 36
3
76 37
98 94
87 86
3
76 37
98 94
87 86
3
96 83
31 58
72 99
3
77 33
47 28
107 56
3
26 45
113 77
53 103
3
98 94
76 37
87 86
3
43 34
122 36
42 69
3
25 116
120 102
38 54
3
63 73
32 43
92 42
3
33 96
97 72
112 31
3
111 63
46 78
89 92
3
118 98
59 55
39 66
3
42 69
43 34
122 36
3
65 25
87 86
57 104
3
72 99
31 58
96 83
3
33 96
97 72
112 31
3
74 62
101 120
88 38
3
38 54
62 41
120 102
3
74 62
88 38
101 120
3
57 104
76 37
87 86
3
67 114
51 123
30 81
3
104 109
86 79
37 106
3
37 106
94 105
86 79
3
109 51
79 30
116 100
3
59 55
118 98
39 66
3
71 76
118 98
83 87
3
82 93
110 53
27 26
3
100 124
51 123
115 29
3
31 58
72 99
36 80
3
57 104
76 37
87 86
3
40 27
84 110
52 82
3
73 44
56 91
35 49
3
112 31
28 119
33 96
3
26 45
53 103
113 77
3
58 57
83 87
99 65
3
59 55
60 74
39 66
3
72 99
96 83
31 58
3
110 53
82 93
27 26
3
81 46
108 89
114 111
3
99 65
58 57
80 88
3
62 41
75 95
48 64
3
42 69
35 49
73 44
3
102 40
41 84
54 115
3
113 77
50 107
85 47
3
47 28
45 112
77 33
3
111 63
89 92
46 78
3
102 40
54 115
116 100
3
64 52
95 68
41 84
3
36 80
72 99
34 117
3
45 112
77 33
47 28
3
44 59
49 39
69 60
3
77 33
47 28
107 56
3
42 69
43 34
73 44
3
62 41
48 64
120 102
3
124 85
123 50
81 46
3
70 122
45 112
103 97
3
121 108
67 114
68 61
3
68 61
121 108
67 114
3
39 66
71 76
118 98
3
97 72
43 34
122 36
3
118 98
71 76
39 66
3
116 100
54 115
109 51
3
94 105
37 106
86 79
3
70 122
32 43
92 42
3
56 91
28 119
33 96
3
40 27
115 29
100 124
3
99 65
80 88
117 101
3
118 98
39 66
59 55
3
97 72
43 34
122 36
3
54 115
116 100
102 40
3
36 80
72 99
31 58
3
123 50
114 111
81 46
3
27 26
110 53
29 113
3
110 53
29 113
27 26
3
57 104
87 86
76 37
3
56 91
33 96
28 119
3
84 110
68 61
52 82
3
51 123
30 81
100 124
3
69 60
44 59
34 117
3
89 92
90 32
93 70
3
72 99
36 80
34 117
3
83 87
58 57
71 76
3
32 43
92 42
63 73
3
98 94
66 75
55 48
3
56 91
73 44
35 49
3
73 44
42 69
35 49
3
30 81
51 123
67 114
3
28 119
56 91
33 96
3
26 45
53 103
93 70
3
38 54
62 41
120 102
3
90 32
111 63
89 92
3
38 54
120 102
25 116
3
104 109
37 106
86 79
3
26 45
85 47
113 77
3
70 122
103 97
45 112
3
57 104
87 86
76 37
3
100 124
30 81
51 123
3
29 113
124 85
123 50
3
58 57
99 65
80 88
3
88 38
101 120
65 25
3
76 37
87 86
98 94
3
46 78
50 107
85 47
3
28 119
33 96
112 31
3
106 67
79 30
105 121
3
54 115
109 51
116 100
3
94 105
75 95
37 106
3
122 36
43 34
42 69
3
120 102
38 54
25 116
3
107 56
78 35
63 73
3
46 78
111 63
50 107
3
108 89
114 111
61 90
3
114 111
81 46
108 89
3
29 113
110 53
27 26
3
98 94
55 48
66 75
3
69 60
36 80
34 117
3
72 99
36 80
34 117
3
82 93
110 53
61 90
3
39 66
60 74
59 55
3
72 99
31 58
36 80
3
40 27
115 29
84 110
3
108 89
81 46
114 111
3
66 75
76 37
98 94
3
69 60
36 80
34 117
3
59 55
39 66
118 98
3
123 50
81 46
124 85
3
106 67
79 30
105 121
3
77 33
103 97
45 112
3
100 124
40 27
115 29
3
80 88
99 65
117 101
3
88 38
65 25
57 104
3
63 73
78 35
92 42
3
107 56
78 35
47 28
3
123 50
114 111
81 46
3
26 45
93 70
53 103
3
45 112
77 33
103 97
3
78 35
92 42
63 73
3
60 74
59 55
39 66
3
80 88
60 74
117 101
3
49 39
44 59
91 118
3
73 44
42 69
35 49
3
34 117
69 60
36 80
3
79 30
109 51
106 67
3
43 34
73 44
42 69
3
119 71
91 118
96 83
3
124 85
27 26
29 113
3
52 82
40 27
84 110
3
32 43
63 73
92 42
3
49 39
69 60
44 59
3
80 88
58 57
99 65
3
51 123
100 124
30 81
3
124 85
123 50
29 113
3
100 124
30 81
51 123
3
69 60
49 39
44 59
3
87 86
65 25
57 104
3
35 49
73 44
42 69
3
32 43
63 73
92 42
3
114 111
81 46
123 50
3
91 118
119 71
96 83
3
35 49
42 69
73 44
3
61 90
110 53
82 93
3
82 93
27 26
110 53
3
109 51
54 115
116 100
3
60 74
39 66
59 55
3
89 92
111 63
90 32
3
68 61
67 114
121 108
3
85 47
50 107
113 77
3
41 84
64 52
102 40
3
31 58
72 99
96 83
3
105 121
95 68
64 52
3
27 26
110 53
82 93
3
89 92
90 32
93 70
3
58 57
83 87
99 65
3
68 61
52 82
84 110
3
44 59
91 118
49 39
3
105 121
95 68
64 52
3
63 73
92 42
78 35
3
86 79
37 106
94 105
3
123 50
124 85
29 113
3
71 76
39 66
118 98
3
119 71
91 118
49 39
3
85 47
46 78
50 107
3
56 91
35 49
73 44
3
39 66
60 74
59 55
3
69 60
44 59
34 117
3
71 76
58 57
83 87
3
70 122
32 43
92 42
3
78 35
47 28
107 56
3
71 76
118 98
83 87
3
56 91
33 96
28 119
3
57 104
87 86
65 25
3
103 97
45 112
77 33
3
93 70
90 32
53 103
3
100 124
51 123
30 81
3
124 85
27 26
29 113
3
104 109
37 106
86 79
3
118 98
83 87
71 76
3
62 41
48 64
120 102
3
95 68
41 84
64 52
3
62 41
48 64
75 95
3
77 33
107 56
47 28
3
114 111
81 46
108 89
3
36 80
31 58
72 99
3
59 55
118 98
39 66
3
54 115
116 100
102 40
3
50 107
111 63
46 78
3
113 77
53 103
26 45
3
89 92
111 63
90 32
3
41 84
54 115
102 40
3
123 50
114 111
81 46
3
78 35
63 73
107 56
3
102 40
54 115
116 100
3
85 47
46 78
50 107
3
63 73
78 35
92 42
3
56 91
35 49
28 119
3
124 85
27 26
29 113
3
26 45
113 77
85 47
3
93 70
53 103
90 32
3
47 28
107 56
77 33
3
84 110
115 29
40 27
3
98 94
55 48
66 75
3
97 72
43 34
122 36
3
25 116
38 54
120 102
3
108 89
82 93
61 90
3
67 114
121 108
30 81
3
96 83
119 71
91 118
3
89 92
90 32
93 70
3
109 51
116 100
79 30
3
87 86
76 37
98 94
3
35 49
73 44
42 69
3
63 73
78 35
107 56
3
38 54
104 109
25 116
3
52 82
121 108
68 61
3
54 115
41 84
102 40
3
80 88
117 101
99 65
3
80 88
60 74
117 101
3
76 37
66 75
98 94
3
89 92
90 32
111 63
3
63 73
92 42
32 43
3
79 30
116 100
109 51
3
91 118
49 39
119 71
3
40 27
84 110
115 29
3
98 94
55 48
66 75
3
111 63
50 107
46 78
3
118 98
59 55
39 66
3
116 100
54 115
109 51
3
57 104
76 37
87 86
3
119 71
91 118
49 39
3
29 113
27 26
110 53
3
97 72
122 36
112 31
3
64 52
95 68
41 84
3
80 88
60 74
117 101
3
29 113
27 26
110 53
3
89 92
46 78
111 63
3
118 98
39 66
71 76
3
108 89
61 90
82 93
3
93 70
90 32
89 92
3
96 83
31 58
119 71
3
59 55
117 101
60 74
3
28 119
56 91
35 49
3
75 95
48 64
62 41
3
103 97
32 43
70 122
3
50 107
46 78
85 47
3
43 34
42 69
73 44
3
33 96
28 119
56 91
3
107 56
78 35
63 73
3
93 70
90 32
89 92
3
68 61
52 82
121 108
3
52 82
68 61
121 108
3
105 121
64 52
95 68
3
65 25
88 38
101 120
3
106 67
95 68
105 121
3
117 101
60 74
59 55
3
114 111
108 89
61 90
3
92 42
32 43
63 73
3
53 103
26 45
93 70
3
52 82
68 61
84 110
3
45 112
70 122
103 97
3
31 58
119 71
96 83
3
76 37
66 75
98 94
3
103 97
70 122
32 43
3
99 65
58 57
80 88
3
87 86
76 37
57 104
3
47 28
78 35
107 56
3
27 26
29 113
110 53
3
55 48
98 94
66 75
3
58 57
80 88
99 65
3
51 123
30 81
67 114
3
41 84
102 40
54 115
3
74 62
55 48
101 120
3
48 64
94 105
75 95
3
87 86
76 37
57 104
3
98 94
87 86
76 37
3
83 87
118 98
71 76
3
30 81
51 123
67 114
3
90 32
89 92
111 63
3
71 76
83 87
58 57
3
82 93
61 90
110 53
3
37 106
104 109
86 79
3
51 123
67 114
30 81
3
114 111
123 50
81 46
3
33 96
28 119
56 91
3
47 28
78 35
107 56
3
36 80
72 99
31 58
3
93 70
53 103
26 45
3
114 111
81 46
108 89
3
96 83
119 71
31 58
3
120 102
25 116
38 54
3
112 31
33 96
97 72
3
43 34
122 36
42 69
3
105 121
106 67
95 68
3
48 64
62 41
75 95
3
87 86
57 104
76 37
3
115 29
100 124
40 27
3
57 104
65 25
88 38
3
100 124
30 81
51 123
3
49 39
119 71
91 118
3
45 112
77 33
47 28
3
39 66
71 76
118 98
3
89 92
46 78
111 63
3
31 58
119 71
96 83
3
92 42
78 35
63 73
3
42 69
43 34
122 36
3
68 61
84 110
52 82
3
94 105
75 95
37 106
3
48 64
75 95
62 41
3
107 56
47 28
78 35
3
70 122
32 43
92 42
3
112 31
97 72
122 36
3
97 72
33 96
112 31
3
89 92
93 70
90 32
3
37 106
86 79
94 105
3
102 40
41 84
54 115
3
53 103
113 77
26 45
3
110 53
82 93
61 90
3
99 65
117 101
80 88
3
31 58
119 71
96 83
3
68 61
52 82
84 110
3
68 61
84 110
52 82
3
88 38
101 120
74 62
3
31 58
72 99
96 83
3
38 54
25 116
104 109
3
113 77
26 45
53 103
3
119 71
31 58
96 83
3
88 38
101 120
74 62
3
97 72
122 36
112 31
3
69 60
44 59
34 117
3
28 119
33 96
56 91
3
102 40
116 100
54 115
3
37 106
75 95
94 105
3
32 43
70 122
103 97
3
91 118
119 71
49 39
3
49 39
91 118
44 59
3
57 104
87 86
65 25
3
38 54
104 109
25 116
3
86 79
104 109
25 116
3
113 77
53 103
26 45
3
120 102
62 41
38 54
3
28 119
112 31
33 96
3
39 66
59 55
118 98
3
95 68
41 84
64 52
3
40 27
84 110
52 82
3
75 95
48 64
94 105
3
120 102
38 54
62 41
3
124 85
123 50
29 113
3
86 79
37 106
94 105
3
37 106
94 105
86 79
3
25 116
38 54
104 109
3
48 64
62 41
120 102
3
40 27
84 110
52 82
3
30 81
67 114
121 108
3
103 97
70 122
45 112
3
31 58
36 80
72 99
3
82 93
110 53
61 90
3
117 101
59 55
60 74
3
100 124
115 29
40 27
3
35 49
56 91
28 119
3
75 95
94 105
37 106
3
46 78
89 92
111 63
3
124 85
29 113
123 50
3
110 53
29 113
27 26
3
45 112
103 97
70 122
3
25 116
104 109
86 79
3
75 95
94 105
37 106
3
53 103
26 45
93 70
3
82 93
110 53
27 26
3
66 75
55 48
74 62
3
44 59
34 117
69 60
3
55 48
98 94
66 75
3
102 40
41 84
64 52
3
70 122
45 112
103 97
3
93 70
26 45
53 103
3
73 44
56 91
35 49
3
99 65
83 87
58 57
3
112 31
97 72
33 96
3
42 69
43 34
122 36
3
63 73
32 43
92 42
3
33 96
97 72
112 31
3
41 84
102 40
64 52
3
41 84
95 68
64 52
3
25 116
104 109
38 54
3
56 91
33 96
28 119
3
122 36
42 69
43 34
3
97 72
112 31
122 36
3
117 101
59 55
60 74
3
89 92
90 32
111 63
3
82 93
61 90
110 53
3
92 42
63 73
32 43
3
114 111
81 46
108 89
3
60 74
59 55
117 101
3
62 41
120 102
48 64
3
25 116
38 54
104 109
3
81 46
124 85
123 50
3
29 113
124 85
27 26
3
87 86
98 94
76 37
3
105 121
64 52
95 68
3
92 42
63 73
32 43
3
31 58
72 99
36 80
3
56 91
28 119
33 96
3
120 102
62 41
38 54
3
61 90
110 53
82 93
3
117 101
80 88
60 74
3
40 27
84 110
115 29
3
58 57
83 87
99 65
3
42 69
73 44
43 34
3
93 70
90 32
53 103
3
81 46
108 89
114 111
3
78 35
92 42
63 73
3
91 118
119 71
96 83
3
67 114
30 81
51 123
3
38 54
120 102
62 41
3
90 32
89 92
93 70
3
106 67
79 30
105 121
3
56 91
73 44
35 49
3
49 39
91 118
44 59
3
68 61
121 108
67 114
3
83 87
99 65
58 57
3
73 44
43 34
42 69
3
94 105
86 79
37 106
3
55 48
74 62
66 75
3
86 79
104 109
37 106
3
115 29
51 123
100 124
3
97 72
43 34
122 36
3
107 56
47 28
78 35
3
64 52
95 68
105 121
3
99 65
117 101
80 88
3
123 50
124 85
81 46
3
71 76
39 66
118 98
3
50 107
113 77
85 47
3
122 36
112 31
97 72
3
109 51
79 30
106 67
3
122 36
97 72
43 34
3
89 92
111 63
46 78
3
113 77
26 45
53 103
3
113 77
85 47
50 107
3
76 37
87 86
98 94
3
114 111
108 89
81 46
3
47 28
45 112
77 33
3
87 86
76 37
57 104
3
39 66
60 74
59 55
3
78 35
107 56
47 28
3
81 46
123 50
114 111
3
44 59
49 39
91 118
3
71 76
118 98
83 87
3
64 52
95 68
105 121
3
80 88
58 57
99 65
3
119 71
91 118
49 39
3
29 113
27 26
110 53
3
30 81
67 114
121 108
3
34 117
69 60
44 59
3
35 49
73 44
42 69
3
68 61
67 114
121 108
3
35 49
56 91
73 44
3
69 60
34 117
44 59
3
117 101
59 55
60 74
3
31 58
96 83
72 99
3
99 65
58 57
83 87
3
59 55
60 74
117 101
3
67 114
68 61
121 108
3
78 35
63 73
107 56
3
65 25
57 104
88 38
3
72 99
31 58
96 83
3
36 80
34 117
69 60
3
51 123
100 124
115 29
3
31 58
72 99
36 80
3
58 57
83 87
99 65
3
99 65
83 87
58 57
3
67 114
30 81
51 123
3
89 92
46 78
111 63
3
95 68
106 67
105 121
3
39 66
71 76
118 98
3
105 121
106 67
79 30
3
119 71
91 118
96 83
3
91 118
49 39
119 71
3
110 53
82 93
61 90
3
55 48
66 75
74 62
3
90 32
93 70
89 92
3
42 69
35 49
73 44
3
93 70
90 32
89 92
3
103 97
32 43
70 122
3
29 113
27 26
110 53
3
123 50
29 113
124 85
3
70 122
32 43
103 97
3
109 51
79 30
106 67
3
31 58
119 71
96 83
3
54 115
102 40
41 84
3
66 75
55 48
98 94
3
45 112
103 97
70 122
3
118 98
39 66
59 55
3
59 55
118 98
39 66
3
95 68
41 84
64 52
3
59 55
39 66
118 98
3
47 28
107 56
77 33
3
31 58
96 83
72 99
3
66 75
98 94
76 37
3
68 61
67 114
121 108
3
83 87
99 65
58 57
3
37 106
86 79
94 105
3
83 87
71 76
118 98
3
59 55
39 66
118 98
3
66 75
55 48
98 94
3
90 32
53 103
93 70
3
64 52
95 68
41 84
3
117 101
59 55
60 74
3
117 101
80 88
60 74
3
109 51
54 115
116 100
3
76 37
98 94
66 75
3
72 99
31 58
96 83
3
88 38
65 25
101 120
3
65 25
88 38
57 104
3
63 73
92 42
78 35
3
68 61
121 108
52 82
3
32 43
103 97
70 122
3
93 70
53 103
26 45
3
62 41
75 95
48 64
3
75 95
62 41
48 64
3
43 34
122 36
42 69
3
85 47
26 45
113 77
3
122 36
97 72
112 31
3
47 28
77 33
45 112
3
68 61
121 108
52 82
3
100 124
51 123
30 81
3
61 90
114 111
108 89
3
41 84
95 68
64 52
3
78 35
107 56
47 28
3
64 52
102 40
41 84
3
108 89
114 111
61 90
3
102 40
54 115
41 84
3
123 50
124 85
81 46
3
41 84
54 115
102 40
3
71 76
83 87
58 57
3
88 38
101 120
65 25
3
124 85
27 26
29 113
3
71 76
39 66
118 98
3
48 64
62 41
120 102
3
53 103
26 45
113 77
3
29 113
110 53
27 26
3
84 110
115 29
40 27
1
66 125
3
91 118
44 59
49 39
3
60 74
117 101
59 55
3
114 111
81 46
108 89
3
101 120
88 38
74 62
3
119 71
96 83
31 58
3
42 69
43 34
122 36
3
26 45
93 70
53 103
3
103 97
77 33
45 112
3
26 45
113 77
53 103
3
84 110
40 27
52 82
3
84 110
40 27
52 82
3
94 105
37 106
75 95
3
45 112
103 97
77 33
3
28 119
33 96
112 31
3
65 25
87 86
57 104
3
108 89
81 46
114 111
3
71 76
118 98
39 66
3
85 47
113 77
26 45
3
101 120
65 25
88 38
3
49 39
44 59
69 60
3
111 63
50 107
46 78
3
27 26
29 113
110 53
3
34 117
44 59
69 60
3
56 91
73 44
35 49
3
54 115
102 40
116 100
3
47 28
45 112
77 33
3
118 98
71 76
39 66
3
90 32
93 70
89 92
3
119 71
96 83
91 118
3
81 46
108 89
114 111
3
87 86
57 104
76 37
3
29 113
110 53
27 26
3
36 80
34 117
72 99
3
99 65
80 88
58 57
3
53 103
113 77
26 45
3
64 52
41 84
95 68
3
66 75
98 94
76 37
3
122 36
97 72
112 31
3
81 46
123 50
124 85
3
98 94
76 37
66 75
3
25 116
104 109
86 79
3
40 27
52 82
84 110
3
56 91
35 49
73 44
3
122 36
43 34
42 69
3
92 42
63 73
32 43
3
107 56
78 35
63 73
3
57 104
87 86
65 25
3
54 115
102 40
41 84
3
105 121
95 68
106 67
3
98 94
87 86
76 37
3
47 28
78 35
107 56
3
117 101
80 88
60 74
3
97 72
43 34
122 36
3
55 48
74 62
66 75
3
99 65
58 57
83 87
3
26 45
85 47
113 77
3
25 116
38 54
120 102
3
68 61
121 108
52 82
3
33 96
112 31
97 72
3
30 81
100 124
51 123
3
47 28
107 56
78 35
3
30 81
51 123
67 114
3
56 91
35 49
28 119
3
29 113
124 85
123 50
3
111 63
46 78
50 107
3
65 25
57 104
88 38
3
52 82
121 108
68 61
3
40 27
52 82
84 110
3
104 109
37 106
86 79
3
55 48
101 120
74 62
3
107 56
63 73
78 35
3
49 39
91 118
44 59
3
72 99
36 80
34 117
3
55 48
101 120
74 62
3
45 112
77 33
47 28
3
63 73
92 42
78 35
3
49 39
119 71
91 118
3
112 31
33 96
28 119
3
35 49
56 91
73 44
3
120 102
62 41
38 54
3
72 99
31 58
36 80
3
51 123
100 124
30 81
3
42 69
73 44
43 34
3
120 102
48 64
62 41
3
44 59
49 39
69 60
3
113 77
53 103
26 45
3
60 74
117 101
59 55
3
74 62
55 48
101 120
3
89 92
90 32
111 63
3
85 47
46 78
50 107
3
122 36
43 34
42 69
3
82 93
110 53
27 26
3
40 27
115 29
100 124
3
64 52
105 121
95 68
3
113 77
85 47
50 107
3
120 102
38 54
25 116
3
78 35
92 42
63 73
3
104 109
86 79
37 106
3
81 46
124 85
123 50
3
31 58
72 99
96 83
3
51 123
115 29
100 124
3
117 101
60 74
59 55
3
99 65
58 57
83 87
3
82 93
108 89
61 90
3
26 45
113 77
53 103
3
69 60
34 117
44 59
3
100 124
115 29
51 123
3
61 90
108 89
114 111
3
104 109
86 79
25 116
3
107 56
78 35
63 73
3
47 28
78 35
107 56
3
59 55
118 98
39 66
3
48 64
62 41
75 95
3
49 39
91 118
44 59
3
35 49
73 44
56 91
3
54 115
102 40
116 100
3
47 28
107 56
77 33
3
108 89
81 46
114 111
3
73 44
42 69
35 49
3
80 88
117 101
60 74
3
27 26
29 113
124 85
3
108 89
82 93
61 90
3
101 120
88 38
65 25
3
91 118
119 71
49 39
3
50 107
46 78
85 47
3
99 65
80 88
58 57
3
103 97
32 43
70 122
3
55 48
74 62
101 120
3
43 34
97 72
122 36
3
73 44
35 49
42 69
3
112 31
97 72
122 36
3
25 116
38 54
104 109
3
89 92
90 32
111 63
3
27 26
82 93
110 53
3
106 67
79 30
109 51
3
79 30
106 67
105 121
3
90 32
93 70
53 103
3
108 89
61 90
114 111
3
120 102
48 64
62 41
3
38 54
62 41
120 102
3
107 56
77 33
47 28
3
101 120
55 48
74 62
3
59 55
60 74
39 66
3
66 75
98 94
76 37
3
75 95
94 105
48 64
3
121 108
30 81
67 114
3
79 30
109 51
116 100
3
40 27
84 110
115 29
3
66 75
98 94
55 48
3
104 109
86 79
25 116
3
84 110
68 61
52 82
3
107 56
47 28
78 35
3
44 59
69 60
49 39
3
35 49
28 119
56 91
3
52 82
121 108
68 61
3
72 99
31 58
96 83
3
109 51
106 67
79 30
3
108 89
61 90
114 111
3
79 30
106 67
109 51
3
72 99
34 117
36 80
3
109 51
79 30
106 67
3
34 117
36 80
69 60
3
87 86
76 37
57 104
3
66 75
98 94
76 37
3
98 94
76 37
87 86
3
83 87
58 57
71 76
3
115 29
51 123
100 124
3
53 103
26 45
93 70
3
123 50
29 113
124 85
3
49 39
44 59
91 118
3
75 95
94 105
37 106
3
47 28
45 112
77 33
3
81 46
108 89
114 111
3
71 76
118 98
83 87
3
115 29
40 27
84 110
3
103 97
45 112
77 33
3
104 109
86 79
25 116
3
118 98
71 76
83 87
3
105 121
106 67
79 30
3
64 52
102 40
41 84
3
28 119
56 91
35 49
3
81 46
123 50
114 111
3
59 55
39 66
60 74
3
91 118
49 39
44 59
3
91 118
49 39
119 71
3
95 68
105 121
64 52
3
93 70
90 32
89 92
3
83 87
71 76
118 98
3
113 77
85 47
50 107
3
36 80
72 99
34 117
3
78 35
63 73
107 56
3
74 62
101 120
88 38
3
60 74
80 88
117 101
3
29 113
124 85
27 26
3
37 106
75 95
94 105
3
119 71
31 58
96 83
3
46 78
111 63
89 92
3
98 94
66 75
76 37
3
111 63
46 78
50 107
3
30 81
121 108
67 114
3
115 29
84 110
40 27
3
39 66
118 98
59 55
3
80 88
58 57
99 65
3
73 44
43 34
42 69
3
111 63
50 107
46 78
3
83 87
71 76
118 98
3
84 110
68 61
52 82
3
88 38
65 25
101 120
3
113 77
85 47
50 107
3
51 123
30 81
67 114
3
51 123
67 114
30 81
3
118 98
71 76
39 66
3
46 78
50 107
111 63
3
36 80
69 60
34 117
3
66 75
74 62
55 48
3
99 65
80 88
117 101
3
29 113
27 26
124 85
3
52 82
84 110
40 27
3
100 124
115 29
51 123
3
93 70
53 103
26 45
3
61 90
82 93
110 53
3
54 115
102 40
41 84
3
50 107
113 77
85 47
3
77 33
47 28
45 112
3
100 124
115 29
40 27
3
86 79
104 109
25 116
3
48 64
94 105
75 95
3
50 107
85 47
46 78
3
63 73
78 35
92 42
3
101 120
88 38
65 25
3
79 30
106 67
109 51
3
102 40
54 115
116 100
3
95 68
105 121
64 52
3
75 95
48 64
62 41
3
60 74
117 101
59 55
3
44 59
34 117
69 60
3
109 51
54 115
116 100
3
121 108
30 81
67 114
3
118 98
39 66
71 76
3
79 30
109 51
116 100
3
47 28
78 35
107 56
3
95 68
64 52
105 121
3
95 68
105 121
106 67
3
53 103
93 70
26 45
3
107 56
77 33
47 28
3
78 35
47 28
107 56
3
101 120
74 62
88 38
3
51 123
30 81
67 114
3
111 63
89 92
90 32
3
28 119
56 91
33 96
3
57 104
65 25
87 86
3
45 112
103 97
70 122
3
115 29
100 124
40 27
3
102 40
41 84
64 52
3
101 120
74 62
88 38
3
61 90
108 89
82 93
3
64 52
95 68
41 84
3
82 93
110 53
27 26
3
82 93
27 26
110 53
3
67 114
51 123
30 81
3
26 45
93 70
53 103
3
120 102
48 64
62 41
3
43 34
97 72
122 36
3
81 46
114 111
123 50
3
121 108
68 61
67 114
3
54 115
109 51
116 100
3
41 84
64 52
95 68
3
96 83
31 58
119 71
3
109 51
106 67
79 30
3
123 50
29 113
124 85
3
80 88
60 74
117 101
3
45 112
47 28
77 33
3
49 39
44 59
69 60
3
100 124
30 81
51 123
3
94 105
75 95
37 106
3
95 68
105 121
106 67
3
50 107
85 47
46 78
3
73 44
35 49
56 91
3
30 81
67 114
121 108
3
51 123
100 124
115 29
3
120 102
25 116
38 54
3
92 42
63 73
78 35
3
44 59
69 60
34 117
3
102 40
54 115
41 84
3
119 71
91 118
96 83
3
124 85
123 50
29 113
3
95 68
106 67
105 121
3
66 75
55 48
98 94
3
44 59
69 60
49 39
3
101 120
65 25
88 38
3
76 37
98 94
87 86
3
26 45
53 103
93 70
3
119 71
91 118
49 39
3
50 107
113 77
85 47
3
42 69
73 44
43 34
3
124 85
81 46
123 50
3
115 29
84 110
40 27
3
88 38
74 62
101 120
3
29 113
110 53
27 26
3
90 32
89 92
93 70
3
95 68
106 67
105 121
3
122 36
43 34
97 72
3
26 45
85 47
113 77
3
51 123
67 114
30 81
3
117 101
80 88
60 74
3
105 121
64 52
95 68
3
46 78
89 92
111 63
3
69 60
34 117
36 80
3
73 44
42 69
43 34
3
106 67
79 30
109 51
3
72 99
31 58
36 80
3
79 30
105 121
106 67
3
114 111
108 89
81 46
3
46 78
50 107
85 47
3
54 115
102 40
116 100
3
62 41
75 95
48 64
3
33 96
112 31
28 119
3
48 64
75 95
62 41
3
81 46
123 50
114 111
3
105 121
64 52
95 68
3
28 119
56 91
35 49
3
87 86
98 94
76 37
3
30 81
100 124
51 123
3
111 63
46 78
89 92
3
78 35
63 73
107 56
3
26 45
53 103
93 70
3
29 113
123 50
124 85
3
116 100
109 51
79 30
3
92 42
78 35
63 73
3
48 64
62 41
120 102
3
59 55
118 98
39 66
3
52 82
84 110
68 61
3
26 45
53 103
113 77
3
62 41
120 102
38 54
3
32 43
103 97
70 122
3
64 52
95 68
105 121
3
44 59
91 118
49 39
3
77 33
47 28
107 56
3
122 36
43 34
97 72
3
47 28
77 33
107 56
3
73 44
42 69
35 49
3
52 82
40 27
84 110
3
41 84
102 40
54 115
3
51 123
100 124
115 29
3
48 64
75 95
62 41
3
114 111
81 46
123 50
3
102 40
64 52
41 84
3
72 99
36 80
31 58
3
102 40
41 84
64 52
3
42 69
35 49
73 44
3
60 74
80 88
117 101
3
102 40
64 52
41 84
3
108 89
61 90
82 93
3
120 102
48 64
62 41
3
124 85
123 50
29 113
3
77 33
47 28
107 56
3
119 71
96 83
91 118
3
124 85
123 50
29 113
3
65 25
57 104
88 38
3
124 85
81 46
123 50
3
97 72
33 96
112 31
3
79 30
109 51
106 67
3
27 26
110 53
82 93
3
93 70
53 103
90 32
3
31 58
36 80
72 99
3
108 89
61 90
82 93
3
65 25
88 38
57 104
3
34 117
44 59
69 60
3
74 62
101 120
55 48
3
81 46
123 50
114 111
3
99 65
80 88
117 101
3
121 108
52 82
68 61
3
90 32
111 63
89 92
3
79 30
109 51
106 67
3
115 29
100 124
51 123
3
98 94
76 37
87 86
3
77 33
45 112
103 97
3
112 31
28 119
33 96
3
29 113
27 26
124 85
3
123 50
81 46
124 85
3
48 64
75 95
94 105
3
92 42
32 43
70 122
3
66 75
55 48
74 62
3
37 106
86 79
94 105
3
97 72
112 31
122 36
3
113 77
85 47
26 45
3
66 75
74 62
55 48
3
59 55
60 74
117 101
3
87 86
57 104
65 25
3
83 87
58 57
71 76
3
38 54
62 41
120 102
3
86 79
25 116
104 109
3
70 122
32 43
103 97
3
54 115
116 100
109 51
3
80 88
60 74
117 101
3
44 59
34 117
69 60
3
90 32
89 92
93 70
3
94 105
86 79
37 106
3
48 64
94 105
75 95
3
122 36
43 34
42 69
3
79 30
105 121
106 67
3
97 72
43 34
122 36
3
84 110
115 29
40 27
3
40 27
52 82
84 110
3
65 25
57 104
88 38
3
45 112
77 33
47 28
3
38 54
25 116
104 109
3
122 36
97 72
112 31
3
49 39
91 118
44 59
3
116 100
54 115
102 40
3
105 121
79 30
106 67
3
39 66
71 76
118 98
3
71 76
58 57
83 87
3
44 59
91 118
49 39
3
25 116
38 54
120 102
3
86 79
104 109
37 106
3
45 112
47 28
77 33
3
94 105
37 106
86 79
3
110 53
82 93
61 90
3
111 63
46 78
50 107
3
78 35
47 28
107 56
3
61 90
82 93
108 89
3
44 59
91 118
49 39
3
117 101
99 65
80 88
3
58 57
83 87
71 76
3
119 71
91 118
49 39
3
30 81
100 124
51 123
3
89 92
111 63
90 32
3
33 96
97 72
112 31
3
109 51
106 67
79 30
3
68 61
67 114
121 108
3
63 73
32 43
92 42
3
98 94
66 75
55 48
3
54 115
41 84
102 40
3
55 48
74 62
101 120
3
28 119
33 96
56 91
3
124 85
123 50
81 46
3
88 38
57 104
65 25
3
27 26
29 113
124 85
3
29 113
124 85
123 50
3
77 33
47 28
107 56
3
96 83
31 58
72 99
3
121 108
68 61
67 114
3
70 122
45 112
103 97
3
44 59
49 39
69 60
3
66 75
76 37
98 94
3
58 57
80 88
99 65
3
86 79
25 116
104 109
3
52 82
68 61
121 108
3
119 71
96 83
91 118
3
115 29
40 27
84 110
3
111 63
50 107
46 78
3
91 118
49 39
44 59
3
62 41
48 64
120 102
3
65 25
57 104
88 38
3
73 44
35 49
42 69
3
62 41
38 54
120 102
3
75 95
94 105
48 64
3
106 67
79 30
105 121
3
110 53
61 90
82 93
3
93 70
90 32
53 103
3
42 69
122 36
43 34
3
32 43
92 42
70 122
3
90 32
89 92
93 70
3
93 70
89 92
90 32
3
89 92
111 63
90 32
3
85 47
26 45
113 77
3
35 49
56 91
28 119
3
78 35
47 28
107 56
3
70 122
92 42
32 43
3
76 37
57 104
87 86
3
50 107
46 78
111 63
3
36 80
72 99
31 58
3
113 77
85 47
50 107
3
51 123
30 81
67 114
3
78 35
107 56
47 28
3
93 70
89 92
90 32
3
62 41
120 102
48 64
3
33 96
112 31
28 119
3
74 62
101 120
55 48
3
51 123
67 114
30 81
3
105 121
64 52
95 68
3
101 120
88 38
65 25
3
94 105
48 64
75 95
3
88 38
57 104
65 25
3
82 93
108 89
61 90
3
105 121
64 52
95 68
3
72 99
31 58
96 83
3
51 123
100 124
115 29
3
99 65
58 57
83 87
3
116 100
79 30
109 51
3
97 72
122 36
43 34
3
42 69
35 49
73 44
3
84 110
40 27
52 82
3
114 111
123 50
81 46
3
88 38
101 120
65 25
3
34 117
36 80
69 60
3
107 56
78 35
63 73
3
104 109
37 106
86 79
3
66 75
74 62
55 48
3
26 45
85 47
113 77
3
74 62
55 48
101 120
3
32 43
92 42
70 122
3
111 63
89 92
46 78
3
71 76
58 57
83 87
3
51 123
100 124
30 81
3
100 124
115 29
40 27
3
56 91
35 49
28 119
3
55 48
66 75
74 62
3
90 32
89 92
93 70
3
95 68
41 84
64 52
3
82 93
27 26
110 53
3
114 111
61 90
108 89
3
119 71
96 83
31 58
3
39 66
118 98
59 55
3
101 120
88 38
74 62
3
100 124
115 29
51 123
3
116 100
109 51
54 115
3
34 117
69 60
36 80
3
114 111
81 46
123 50
3
87 86
98 94
76 37
3
117 101
99 65
80 88
3
54 115
116 100
102 40
3
87 86
57 104
65 25
3
72 99
31 58
96 83
3
84 110
52 82
40 27
3
42 69
73 44
43 34
3
77 33
45 112
103 97
3
60 74
117 101
80 88
3
46 78
111 63
50 107
3
49 39
44 59
91 118
3
58 57
99 65
80 88
3
34 117
72 99
36 80
3
33 96
28 119
112 31
3
63 73
107 56
78 35
3
90 32
53 103
93 70
3
79 30
109 51
116 100
3
38 54
104 109
25 116
3
53 103
93 70
26 45
3
50 107
113 77
85 47
3
102 40
41 84
54 115
3
25 116
120 102
38 54
3
88 38
65 25
101 120
3
115 29
40 27
100 124
3
40 27
115 29
100 124
3
35 49
28 119
56 91
3
111 63
89 92
90 32
3
82 93
61 90
108 89
3
122 36
112 31
97 72
3
92 42
32 43
70 122
3
44 59
49 39
91 118
3
112 31
33 96
28 119
3
51 123
30 81
67 114
3
51 123
100 124
115 29
3
111 63
46 78
50 107
3
55 48
74 62
66 75
3
102 40
64 52
41 84
3
86 79
104 109
37 106
3
105 121
95 68
106 67
3
54 115
102 40
116 100
3
46 78
50 107
85 47
3
46 78
111 63
89 92
3
74 62
55 48
101 120
3
122 36
112 31
97 72
3
65 25
87 86
57 104
3
70 122
103 97
32 43
3
114 111
81 46
123 50
3
81 46
123 50
114 111
3
28 119
56 91
35 49
3
121 108
67 114
30 81
3
30 81
121 108
67 114
3
70 122
103 97
45 112
3
88 38
74 62
101 120
3
121 108
68 61
67 114
3
37 106
75 95
94 105
3
86 79
37 106
94 105
3
49 39
69 60
44 59
3
95 68
106 67
105 121
3
27 26
110 53
82 93
3
94 105
75 95
48 64
3
43 34
42 69
73 44
3
121 108
67 114
30 81
3
85 47
113 77
26 45
3
59 55
39 66
60 74
3
64 52
102 40
41 84
3
111 63
89 92
46 78
3
95 68
106 67
105 121
3
114 111
61 90
108 89
3
74 62
55 48
66 75
3
111 63
50 107
46 78
3
87 86
57 104
65 25
3
93 70
53 103
90 32
3
91 118
96 83
119 71
3
67 114
68 61
121 108
3
87 86
76 37
57 104
3
117 101
80 88
99 65
3
66 75
98 94
55 48
3
63 73
78 35
92 42
3
96 83
72 99
31 58
3
58 57
83 87
71 76
3
103 97
45 112
77 33
3
30 81
67 114
121 108
3
43 34
73 44
42 69
3
82 93
108 89
61 90
3
61 90
108 89
114 111
3
70 122
45 112
103 97
3
52 82
84 110
40 27
3
44 59
34 117
69 60
3
38 54
25 116
120 102
3
79 30
116 100
109 51
3
124 85
81 46
123 50
3
35 49
56 91
73 44
3
104 109
37 106
86 79
3
112 31
28 119
33 96
3
87 86
76 37
98 94
3
112 31
122 36
97 72
3
84 110
115 29
40 27
3
49 39
91 118
119 71
3
66 75
98 94
55 48
3
116 100
54 115
102 40
3
66 75
98 94
76 37
3
56 91
73 44
35 49
3
89 92
93 70
90 32
3
95 68
64 52
41 84
3
99 65
117 101
80 88
3
100 124
115 29
51 123
3
107 56
47 28
78 35
3
75 95
48 64
62 41
3
30 81
121 108
67 114
3
28 119
33 96
56 91
3
119 71
96 83
91 118
3
75 95
48 64
62 41
3
77 33
47 28
107 56
3
96 83
119 71
91 118
3
108 89
82 93
61 90
3
119 71
96 83
31 58
3
111 63
50 107
46 78
3
98 94
76 37
66 75
3
52 82
68 61
84 110
3
121 108
30 81
67 114
3
82 93
27 26
110 53
3
31 58
36 80
72 99
3
31 58
96 83
119 71
3
26 45
53 103
93 70
3
96 83
31 58
72 99
3
110 53
82 93
61 90
3
96 83
91 118
119 71
3
32 43
70 122
103 97
3
110 53
27 26
29 113
3
122 36
42 69
43 34
3
45 112
47 28
77 33
3
104 109
38 54
25 116
3
35 49
42 69
73 44
3
48 64
62 41
120 102
3
87 86
76 37
57 104
3
30 81
100 124
51 123
3
59 55
60 74
39 66
3
46 78
111 63
89 92
3
28 119
56 91
35 49
3
90 32
93 70
53 103
3
41 84
102 40
64 52
3
29 113
27 26
124 85
3
124 85
27 26
29 113
3
75 95
94 105
37 106
3
25 116
38 54
104 109
3
102 40
54 115
41 84
3
32 43
92 42
70 122
3
107 56
78 35
47 28
3
69 60
44 59
49 39
3
118 98
83 87
71 76
3
99 65
58 57
83 87
3
62 41
120 102
48 64
3
106 67
95 68
105 121
3
115 29
100 124
40 27
3
66 75
98 94
55 48
3
112 31
33 96
97 72
3
100 124
51 123
30 81
3
43 34
122 36
42 69
3
84 110
68 61
52 82
3
75 95
94 105
48 64
3
56 91
28 119
35 49
3
29 113
27 26
124 85
3
119 71
49 39
91 118
3
66 75
76 37
98 94
3
84 110
40 27
115 29
3
26 45
113 77
85 47
3
51 123
67 114
30 81
3
112 31
122 36
97 72
3
86 79
37 106
104 109
3
87 86
76 37
98 94
3
103 97
77 33
45 112
3
117 101
60 74
80 88
3
117 101
80 88
99 65
3
42 69
122 36
43 34
3
49 39
119 71
91 118
3
82 93
61 90
110 53
3
37 106
86 79
94 105
3
25 116
120 102
38 54
3
72 99
36 80
31 58
3
108 89
81 46
114 111
3
34 117
72 99
36 80
3
40 27
84 110
115 29
3
95 68
41 84
64 52
3
42 69
73 44
35 49
3
34 117
36 80
72 99
3
118 98
71 76
83 87
3
123 50
124 85
29 113
3
111 63
89 92
90 32
3
56 91
28 119
33 96
3
89 92
111 63
90 32
3
36 80
34 117
72 99
3
82 93
61 90
110 53
3
101 120
55 48
74 62
3
100 124
40 27
115 29
3
42 69
122 36
43 34
3
54 115
109 51
116 100
3
116 100
109 51
79 30
3
99 65
83 87
58 57
3
72 99
31 58
36 80
3
88 38
65 25
57 104
3
70 122
32 43
92 42
3
101 120
74 62
88 38
3
114 111
108 89
61 90
3
31 58
72 99
96 83
3
60 74
59 55
39 66
3
121 108
52 82
68 61
3
37 106
75 95
94 105
3
83 87
99 65
58 57
3
80 88
117 101
99 65
3
99 65
58 57
80 88
3
122 36
43 34
97 72
3
104 109
38 54
25 116
3
65 25
87 86
57 104
3
35 49
56 91
73 44
3
60 74
59 55
39 66
3
113 77
53 103
26 45
3
32 43
92 42
70 122
3
32 43
92 42
63 73
3
32 43
70 122
103 97
3
86 79
37 106
104 109
3
73 44
42 69
43 34
3
101 120
55 48
74 62
3
124 85
27 26
29 113
3
55 48
74 62
66 75
3
115 29
40 27
84 110
3
65 25
57 104
87 86
3
90 32
111 63
89 92
3
113 77
53 103
26 45
3
65 25
88 38
57 104
3
63 73
78 35
107 56
3
56 91
73 44
35 49
3
28 119
112 31
33 96
3
50 107
113 77
85 47
3
43 34
73 44
42 69
3
78 35
107 56
63 73
3
79 30
106 67
105 121
3
38 54
62 41
120 102
3
28 119
33 96
112 31
3
119 71
91 118
49 39
3
124 85
123 50
81 46
3
26 45
85 47
113 77
3
64 52
102 40
41 84
3
120 102
48 64
62 41
3
28 119
112 31
33 96
3
73 44
42 69
35 49
3
56 91
28 119
33 96
3
69 60
44 59
49 39
3
109 51
116 100
54 115
3
69 60
34 117
44 59
3
30 81
67 114
121 108
3
63 73
92 42
78 35
3
76 37
66 75
98 94
3
113 77
53 103
26 45
3
103 97
70 122
45 112
3
98 94
66 75
55 48
3
110 53
61 90
82 93
3
87 86
65 25
57 104
3
114 111
81 46
108 89
3
106 67
79 30
105 121
3
28 119
35 49
56 91
3
79 30
105 121
106 67
3
28 119
56 91
33 96
3
116 100
54 115
109 51
3
45 112
70 122
103 97
3
68 61
67 114
121 108
3
77 33
45 112
103 97
3
100 124
115 29
40 27
3
65 25
87 86
57 104
3
94 105
75 95
48 64
3
119 71
96 83
31 58
3
54 115
116 100
102 40
3
120 102
25 116
38 54
3
121 108
68 61
67 114
3
46 78
50 107
111 63
3
38 54
120 102
62 41
3
68 61
84 110
52 82
3
99 65
58 57
80 88
3
94 105
75 95
48 64
3
50 107
46 78
85 47
3
76 37
57 104
87 86
3
97 72
112 31
33 96
3
90 32
89 92
111 63
3
44 59
69 60
49 39
3
116 100
79 30
109 51
3
74 62
66 75
55 48
3
37 106
104 109
86 79
3
25 116
38 54
120 102
3
69 60
44 59
49 39
3
106 67
95 68
105 121
3
94 105
48 64
75 95
3
99 65
80 88
117 101
3
36 80
69 60
34 117
3
47 28
107 56
77 33
3
59 55
39 66
60 74
3
116 100
109 51
79 30
3
117 101
60 74
80 88
3
94 105
75 95
37 106
3
96 83
119 71
91 118
3
41 84
95 68
64 52
3
96 83
72 99
31 58
3
107 56
63 73
78 35
3
97 72
122 36
43 34
3
38 54
25 116
104 109
3
57 104
88 38
65 25
3
28 119
35 49
56 91
3
36 80
31 58
72 99
3
55 48
101 120
74 62
3
123 50
124 85
29 113
3
25 116
38 54
120 102
3
103 97
45 112
70 122
3
81 46
123 50
124 85
3
65 25
57 104
87 86
3
30 81
121 108
67 114
3
80 88
58 57
99 65
3
48 64
75 95
94 105
3
69 60
34 117
36 80
3
115 29
100 124
40 27
3
70 122
32 43
92 42
3
25 116
104 109
86 79
3
52 82
84 110
68 61
3
122 36
97 72
112 31
3
28 119
33 96
112 31
3
112 31
28 119
33 96
3
80 88
99 65
117 101
3
58 57
83 87
99 65
3
44 59
49 39
69 60
3
70 122
92 42
32 43
3
75 95
94 105
48 64
3
87 86
98 94
76 37
3
49 39
69 60
44 59
3
72 99
34 117
36 80
3
85 47
26 45
113 77
3
100 124
115 29
51 123
3
90 32
53 103
93 70
3
98 94
66 75
55 48
3
80 88
58 57
99 65
3
43 34
42 69
73 44
3
94 105
48 64
75 95
3
74 62
101 120
55 48
3
30 81
67 114
51 123
3
85 47
50 107
46 78
3
79 30
109 51
106 67
3
79 30
106 67
105 121
3
77 33
45 112
103 97
3
56 91
28 119
35 49
3
48 64
120 102
62 41
3
52 82
84 110
68 61
3
39 66
59 55
60 74
3
69 60
34 117
36 80
3
51 123
67 114
30 81
3
106 67
95 68
105 121
3
123 50
124 85
81 46
3
81 46
108 89
114 111
3
38 54
62 41
120 102
3
99 65
80 88
58 57
3
101 120
74 62
88 38
3
110 53
82 93
61 90
3
92 42
70 122
32 43
3
61 90
82 93
110 53
3
55 48
74 62
101 120
3
94 105
37 106
86 79
3
119 71
31 58
96 83
3
101 120
74 62
55 48
3
25 116
104 109
38 54
3
120 102
25 116
38 54
3
63 73
32 43
92 42
3
72 99
96 83
31 58
3
104 109
37 106
86 79
3
31 58
36 80
72 99
3
106 67
95 68
105 121
3
98 94
66 75
55 48
3
101 120
74 62
55 48
3
79 30
109 51
116 100
3
102 40
41 84
64 52
3
43 34
97 72
122 36
3
100 124
40 27
115 29
3
46 78
85 47
50 107
3
36 80
72 99
34 117
3
79 30
109 51
106 67
3
107 56
78 35
63 73
3
86 79
104 109
25 116
3
99 65
58 57
83 87
3
90 32
89 92
93 70
3
32 43
63 73
92 42
3
28 119
112 31
33 96
3
116 100
102 40
54 115
3
51 123
115 29
100 124
3
80 88
117 101
60 74
3
87 86
76 37
57 104
3
124 85
27 26
29 113
3
94 105
75 95
37 106
3
102 40
41 84
64 52
3
41 84
95 68
64 52
3
77 33
45 112
103 97
3
64 52
41 84
95 68
3
28 119
56 91
35 49
3
42 69
73 44
43 34
3
50 107
46 78
111 63
3
101 120
88 38
74 62
3
120 102
48 64
62 41
3
110 53
82 93
27 26
3
94 105
86 79
37 106
3
105 121
64 52
95 68
3
27 26
124 85
29 113
3
112 31
97 72
33 96
3
84 110
40 27
52 82
3
88 38
57 104
65 25
3
52 82
121 108
68 61
3
57 104
88 38
65 25
3
32 43
70 122
103 97
3
36 80
72 99
34 117
3
101 120
88 38
65 25
3
104 109
86 79
25 116
3
103 97
70 122
45 112
3
34 117
36 80
72 99
3
81 46
123 50
114 111
3
45 112
103 97
77 33
3
43 34
122 36
97 72
3
28 119
56 91
35 49
3
42 69
43 34
122 36
3
83 87
118 98
71 76
3
92 42
32 43
70 122
3
79 30
105 121
106 67
3
54 115
109 51
116 100
3
26 45
53 103
113 77
3
66 75
76 37
98 94
3
75 95
48 64
62 41
3
74 62
101 120
88 38
3
89 92
46 78
111 63
3
100 124
115 29
51 123
3
49 39
44 59
91 118
3
53 103
90 32
93 70
3
61 90
82 93
108 89
3
59 55
39 66
118 98
3
109 51
79 30
116 100
3
70 122
103 97
45 112
3
109 51
116 100
54 115
3
81 46
123 50
114 111
3
91 118
96 83
119 71
3
106 67
79 30
109 51
3
105 121
64 52
95 68
3
112 31
33 96
28 119
3
106 67
79 30
105 121
3
34 117
36 80
69 60
3
32 43
103 97
70 122
3
52 82
68 61
84 110
3
87 86
76 37
57 104
3
69 60
34 117
36 80

--- Output: size 3 ---
58

--- Correct: size 3 ---
58

--- Stderr: size 0 ---

--- Checker output: size 3 ---
OK

====== Test #18 =======
--- Input: file is too large, original size 382865 ---
--- Output: size 3 ---
10

--- Correct: size 3 ---
10

--- Stderr: size 0 ---

--- Checker output: size 3 ---
OK

====== Test #19 =======
--- Input: file is too large, original size 2327022 ---
--- Output: size 3 ---
11

--- Correct: size 3 ---
11

--- Stderr: size 0 ---

--- Checker output: size 3 ---
OK

====== Test #20 =======
--- Input: file is too large, original size 2417114 ---
--- Output: size 3 ---
12

--- Correct: size 3 ---
12

--- Stderr: size 0 ---

--- Checker output: size 3 ---
OK